500
3 224 190 0
4 472 453 0
2 146 192 
2 25 241 
2 256 347 
4 165 491 0
2 442 147 
1 81 475 
3 306 409 0
3 398 263 0
1 248 202 
4 192 478 0
1 97 449 
4 470 357 0
2 118 325 
1 470 27 
4 80 173 0
1 238 244 
2 391 118 
4 114 82 0
3 237 305 0
3 170 349 0
3 322 215 0
3 266 404 0
3 169 271 0
3 241 462 0
1 380 499 
2 116 281 
1 377 99 
4 222 103 0
4 226 423 0
1 358 466 
1 135 445 
3 273 308 0
1 20 495 
1 494 41 
2 215 11 
4 306 412 0
1 194 300 
4 4 154 0
3 38 179 0
3 76 158 0
1 80 357 
4 261 487 0
3 321 251 0
1 186 86 
3 473 458 0
3 172 108 0
4 337 21 0
1 181 12 
3 89 67 0
2 310 150 
4 278 182 0
4 113 500 0
1 308 56 
2 167 31 
4 46 149 0
1 331 499 
1 348 412 
2 122 107 
2 316 191 
1 420 3 
2 109 326 
1 92 420 
3 314 118 0
1 1 15 
3 211 68 0
2 299 10 
4 176 345 0
3 159 186 0
1 162 416 
1 343 400 
2 366 19 
3 43 245 0
1 288 91 
2 206 158 
2 55 162 
4 77 382 0
1 467 50 
2 245 280 
3 19 240 0
4 344 139 0
1 1 251 
2 216 117 
3 347 354 0
4 345 306 0
4 114 395 0
4 241 221 0
1 104 397 
3 143 35 0
2 237 478 
3 288 291 0
1 264 225 
2 432 354 
3 284 266 0
3 397 79 0
2 28 394 
4 486 199 0
4 243 172 0
1 346 388 
4 194 386 0
2 291 392 
3 48 363 0
4 16 180 0
3 95 340 0
2 391 367 
2 73 443 
3 173 136 0
1 18 382 
2 487 89 
2 44 483 
4 183 332 0
3 238 130 0
4 450 187 0
4 170 145 0
3 197 78 0
1 112 228 
4 492 479 0
3 207 147 0
3 304 47 0
2 193 213 
1 132 228 
1 49 173 
1 392 336 
2 358 76 
4 246 249 0
3 37 446 0
1 399 426 
2 372 34 
4 277 350 0
1 124 262 
3 38 488 0
3 426 311 0
1 50 87 
2 447 373 
1 293 314 
1 78 276 
1 439 11 
3 405 418 0
3 128 298 0
3 327 148 0
4 402 330 0
4 66 395 0
2 151 500 
2 382 267 
4 181 466 0
3 398 23 0
1 455 121 
1 71 371 
4 6 357 0
3 3 392 0
3 133 5 0
2 425 115 
1 442 198 
4 272 129 0
4 129 83 0
1 213 201 
1 293 351 
4 387 493 0
1 394 422 
1 490 150 
4 187 305 0
4 175 136 0
3 300 396 0
2 339 55 
3 205 272 0
1 450 242 
2 279 149 
1 135 109 
1 424 417 
2 118 365 
3 245 482 0
2 299 290 
2 446 234 
4 183 424 0
1 488 490 
1 142 410 
1 475 400 
2 449 225 
4 427 142 0
2 215 438 
4 84 284 0
1 454 32 
2 19 71 
4 256 352 0
2 92 477 
4 466 11 0
3 401 393 0
3 361 444 0
3 380 76 0
2 52 362 
1 133 462 
3 393 105 0
1 290 496 
4 59 346 0
2 261 373 
4 217 93 0
3 21 4 0
3 385 362 0
3 40 91 0
2 95 327 
4 160 224 0
1 355 491 
1 329 367 
3 311 468 0
3 434 276 0
3 137 295 0
2 175 98 
3 120 46 0
3 298 242 0
1 157 139 
4 317 490 0
4 202 150 0
1 416 304 
4 331 118 0
4 385 23 0
1 165 97 
1 402 270 
1 260 463 
1 180 52 
4 340 153 0
4 294 120 0
3 312 58 0
4 269 183 0
1 53 329 
4 238 179 0
4 312 301 0
3 3 265 0
2 363 418 
2 498 266 
2 478 150 
1 358 373 
1 428 254 
3 332 79 0
2 344 142 
2 213 313 
2 94 407 
4 317 266 0
4 261 339 0
1 407 142 
3 268 113 0
3 341 339 0
1 250 461 
1 66 120 
4 303 63 0
2 488 416 
3 157 368 0
2 286 139 
3 160 52 0
2 77 369 
1 331 371 
3 423 437 0
4 290 223 0
2 371 439 
3 166 474 0
2 260 43 
3 82 202 0
4 230 371 0
2 41 451 
1 378 363 
4 330 266 0
2 175 304 
1 69 407 
4 326 84 0
2 99 188 
3 426 266 0
4 374 299 0
3 198 143 0
3 252 281 0
4 440 290 0
2 469 236 
4 431 193 0
4 255 71 0
2 159 133 
3 318 129 0
4 115 460 0
2 235 200 
3 500 249 0
1 25 438 
3 224 192 0
2 78 477 
2 167 102 
2 103 98 
1 69 276 
4 47 94 0
2 450 135 
1 14 492 
1 188 23 
4 104 457 0
3 403 398 0
2 185 449 
4 127 91 0
1 56 479 
4 467 223 0
3 139 211 0
4 383 290 0
3 60 307 0
4 71 417 0
3 167 406 0
1 280 94 
4 20 450 0
2 191 218 
1 72 395 
2 488 378 
4 227 334 0
4 362 304 0
2 150 149 
1 26 137 
1 348 233 
4 398 1 0
3 184 253 0
3 417 400 0
3 309 34 0
3 422 168 0
3 255 415 0
4 317 280 0
3 449 125 0
1 131 425 
2 72 69 
3 351 113 0
3 276 371 0
4 175 135 0
3 60 334 0
2 436 180 
1 215 52 
2 325 265 
3 266 103 0
4 121 354 0
2 151 66 
2 194 189 
1 59 26 
3 341 267 0
1 348 148 
4 94 68 0
2 402 247 
3 375 256 0
3 329 427 0
1 141 56 
3 253 165 0
2 85 158 
3 493 88 0
3 470 223 0
1 368 80 
4 467 144 0
2 7 421 
1 394 414 
3 1 116 0
2 354 8 
3 408 414 0
4 232 170 0
1 346 200 
2 108 135 
1 483 262 
4 88 201 0
3 291 238 0
4 341 355 0
2 178 72 
4 246 75 0
3 194 201 0
3 61 383 0
1 394 26 
4 204 64 0
2 326 408 
1 442 228 
1 398 434 
3 247 286 0
2 168 8 
4 310 408 0
2 79 186 
3 51 430 0
4 160 237 0
4 268 100 0
2 427 83 
3 368 129 0
2 362 120 
3 13 382 0
4 61 18 0
1 223 88 
3 163 123 0
2 145 93 
2 38 165 
1 262 137 
1 95 479 
2 50 353 
3 437 449 0
3 451 188 0
3 429 187 0
4 207 185 0
1 266 131 
2 447 72 
3 489 396 0
1 161 312 
3 293 380 0
2 157 53 
1 362 377 
2 159 272 
4 273 339 0
2 308 92 
3 380 349 0
3 423 366 0
2 226 366 
3 98 396 0
1 62 90 
3 89 325 0
4 169 287 0
1 410 182 
2 11 247 
4 92 59 0
4 346 422 0
3 395 158 0
3 47 459 0
3 336 158 0
3 392 9 0
2 275 184 
2 397 294 
1 279 108 
3 456 96 0
4 470 415 0
2 301 464 
2 49 145 
1 496 474 
2 136 231 
2 27 136 
4 384 293 0
1 118 236 
4 444 53 0
4 234 110 0
2 496 166 
2 403 441 
3 67 359 0
4 112 49 0
1 24 204 
1 182 424 
1 400 285 
4 414 94 0
3 303 61 0
2 375 476 
3 414 232 0
4 439 334 0
2 487 302 
2 104 131 
3 168 464 0
3 311 442 0
4 57 29 0
4 230 299 0
3 38 466 0
2 137 280 
1 198 470 
3 235 344 0
4 81 58 0
3 253 324 0
1 164 26 
4 407 223 0
3 69 234 0
2 440 397 
3 394 47 0
2 297 252 
2 23 24 
3 41 191 0
1 65 397 
3 461 8 0
3 26 280 0
1 430 291 
4 222 308 0
1 33 300 
3 271 93 0
1 270 294 
3 66 258 0
4 220 219 0
3 165 127 0
2 206 166 
1 378 342 
3 424 492 0
4 228 232 0
1 446 488 
4 270 366 1
2 407 429 
1 333 447 
2 384 167 
3 455 182 0
4 298 301 0
3 483 108 0
2 136 433 
3 158 101 0
4 253 194 0
3 289 114 0
4 71 438 1
3 44 196 0
4 53 199 0
2 264 126 
2 211 173 
4 207 188 0
4 285 443 0
4 191 441 0
2 262 292 
2 216 20 
2 441 326 
3 179 392 0
4 236 109 0
3 448 222 0
4 35 299 0
4 480 102 0
4 475 147 0
3 144 135 0
4 22 258 0
4 219 238 0
1 490 366 
3 351 9 0
1 109 436 
4 286 182 0
3 110 376 0
2 403 46 
3 305 53 0
3 312 423 0
1 486 118 
2 183 312 
2 187 156 
3 303 443 0
3 452 239 0
2 182 146 
2 2 323 
3 370 356 0
1 486 198 
2 260 127 
3 220 150 0
2 368 67 
3 206 120 0
2 409 94 
1 459 425 
4 421 250 0
2 125 115 
3 346 197 0
3 231 328 0
4 440 17 0
4 155 185 0
4 95 220 0
2 355 472 
3 244 106 0
1 26 173 
1 16 14 
1 364 472 
3 51 422 0
3 154 497 0
4 318 332 0
2 108 349 
4 88 361 0
4 204 232 0
1 361 417 
4 500 256 0
4 486 58 0
2 101 410 
4 319 359 0
1 466 133 
1 127 9 
2 339 427 
2 470 181 
2 300 126 
1 199 327 
3 41 372 0
2 362 345 
2 174 362 
3 352 37 0
4 168 47 0
2 47 49 
1 192 352 
1 172 83 
3 189 208 0
4 400 365 0
2 232 366 
4 80 9 0
3 175 424 0
3 165 289 0
1 416 92 
3 403 203 0
4 140 234 0
1 13 390 
3 99 7 0
3 217 486 0
3 178 179 0
1 182 323 
1 298 321 
4 252 379 0
3 383 7 0
1 15 390 
2 3 434 
1 171 364 
1 431 466 
4 192 125 0
1 127 353 
3 165 89 0
3 421 132 0
3 456 431 0
3 129 368 0
4 154 191 0
3 455 51 0
4 341 249 0
2 462 39 
3 454 486 0
3 413 246 0
4 393 452 0
1 204 29 
4 211 33 0
1 494 259 
4 234 98 0
2 443 127 
1 207 67 
2 424 485 
4 210 344 0
2 398 232 
4 464 115 0
4 184 64 0
4 414 338 0
3 40 416 0
2 142 94 
4 71 268 0
4 8 449 0
3 393 260 0
2 323 132 
3 8 419 0
1 189 308 
4 328 402 0
4 426 338 0
2 405 254 
1 250 336 
1 359 349 
1 441 127 
4 26 396 0
3 325 495 0
1 22 491 
2 412 324 
3 340 299 0
1 387 6 
1 156 392 
1 238 235 
1 165 76 -1
4 438 276 0
1 431 421 
3 78 186 0
4 14 466 0
1 466 330 
2 185 313 
2 490 324 
4 171 149 0
4 327 321 0
1 200 110 
1 214 337 
2 359 236 
1 194 363 
3 455 298 0
3 32 60 0
1 184 276 
1 443 86 
1 442 427 
4 48 332 0
4 444 54 0
2 345 252 
4 137 317 0
1 377 259 
4 89 298 0
3 167 316 0
4 276 33 0
2 182 304 -1
1 306 408 
1 163 462 
1 147 346 
4 433 438 1
3 338 20 0
3 118 319 0
1 188 462 
3 387 107 0
3 385 451 0
1 123 73 
3 191 329 0
3 186 406 0
3 123 66 0
4 362 394 0
1 498 326 
4 102 364 0
4 500 324 1
4 55 492 0
3 158 26 0
3 88 379 0
3 399 318 0
2 174 344 -1
1 109 14 
1 30 433 
3 172 108 0
3 416 157 1
2 254 43 
2 381 132 
4 450 485 0
1 258 176 
2 339 470 
1 339 18 
4 401 43 0
3 208 479 0
2 342 325 -1
2 419 187 
1 300 261 
4 233 237 0
4 293 208 0
4 414 307 0
4 345 145 0
3 367 174 1
1 316 427 
2 433 373 -1
4 493 382 0
1 30 126 
3 188 144 0
2 92 14 -1
2 473 331 
1 290 482 
2 213 171 
4 268 146 0
1 32 336 
2 469 226 -1
2 458 85 
2 310 457 
3 321 398 0
4 150 81 0
4 65 101 0
3 135 374 0
1 73 449 -1
1 236 326 
3 102 311 0
3 206 282 0
4 264 1 0
4 245 362 0
1 482 105 
3 446 320 0
1 66 387 
3 237 313 1
4 89 126 0
2 191 415 
3 88 137 0
4 413 41 0
3 496 44 0
4 368 500 0
2 155 186 
1 14 236 -1
4 370 323 0
3 117 484 0
3 384 393 0
1 242 68 
2 278 274 
1 363 8 
4 332 90 0
3 408 345 0
4 314 71 0
1 100 267 
4 141 15 0
1 87 237 
2 176 481 
4 41 47 1
1 383 435 
4 121 141 0
3 451 345 1
3 424 487 0
4 126 400 0
3 437 385 0
2 28 156 
2 26 353 -1
1 433 380 
1 126 321 
4 369 485 0
4 186 464 0
1 143 439 
2 134 468 
3 209 27 0
3 283 4 0
3 145 442 1
2 206 428 
4 333 26 0
3 465 473 0
4 382 221 0
3 156 286 0
2 166 156 
2 141 253 
2 24 42 
2 239 278 
3 261 398 0
1 236 380 
2 134 291 
1 236 271 
2 151 374 
3 374 14 0
3 140 437 0
1 451 318 
3 90 330 0
2 309 437 
3 197 494 0
2 53 160 
1 157 292 -1
2 2 20 
3 496 313 0
1 447 273 
3 74 99 0
2 415 395 -1
1 19 72 -1
2 292 1 
4 289 202 0
2 218 328 
4 233 269 0
4 299 65 0
4 88 170 0
2 421 56 -1
2 80 371 
3 115 407 0
4 358 482 1
1 144 190 
4 235 297 0
2 231 39 
1 12 300 
4 102 375 0
2 242 472 -1
3 399 287 0
1 399 289 
4 316 62 0
3 54 486 0
2 111 168 
4 75 427 0
2 477 17 
2 108 172 
2 448 485 
1 128 217 
1 482 236 -1
4 37 185 0
1 145 154 
4 147 417 0
4 20 497 0
2 232 121 
3 499 175 1
3 298 420 0
1 265 135 -1
1 216 56 
2 81 232 
2 250 22 -1
3 328 81 0
4 155 451 1
2 331 360 
2 253 105 -1
3 259 484 0
2 370 478 
1 84 317 
1 100 48 
2 235 263 
1 453 197 
1 398 365 -1
2 193 163 -1
3 487 20 0
1 228 245 -1
3 326 176 0
3 238 376 0
3 246 100 0
2 176 242 
3 62 140 0
3 126 259 0
3 245 411 0
1 252 108 -1
1 38 27 -1
1 70 279 
2 31 462 
4 438 141 1
3 66 260 1
1 468 91 
2 178 366 
2 54 66 
3 279 266 0
4 185 260 1
3 440 92 1
4 100 113 0
3 364 295 0
1 61 68 
2 304 269 
4 286 292 0
3 154 76 0
2 495 120 
4 128 250 0
3 189 193 1
2 156 12 -1
4 483 115 1
4 284 191 0
1 4 351 
3 186 2 1
4 30 131 1
3 325 5 0
4 390 318 1
4 257 224 0
4 309 251 0
4 127 123 0
3 64 200 0
2 214 266 
1 368 331 -1
1 280 54 -1
2 376 176 
2 367 311 
1 457 392 -1
2 141 435 
2 405 325 -1
3 269 217 0
3 274 180 0
2 42 410 
1 159 450 -1
1 476 54 
1 461 418 -1
1 9 51 
2 247 117 
3 77 358 0
3 473 30 0
1 165 240 
3 414 438 1
3 4 43 0
1 304 482 
2 302 263 
3 176 284 0
3 421 315 0
1 381 253 
3 201 229 0
2 165 366 -1
3 25 349 1
2 225 470 
2 32 463 
3 251 351 0
1 317 417 
2 138 373 
1 146 122 
3 133 417 0
2 456 181 
3 491 315 0
3 168 172 0
1 382 487 
3 31 14 1
2 290 239 
3 232 61 0
4 157 344 1
3 34 347 0
4 387 409 1
3 239 359 0
2 125 325 -1
3 163 29 0
2 151 488 
3 445 316 0
2 189 281 
2 339 54 -1
3 234 326 0
1 227 193 
1 84 164 
2 276 386 
3 156 474 1
3 62 399 0
1 306 329 -1
1 70 171 
2 500 456 -1
2 408 15 -1
2 221 336 
1 150 110 -1
2 298 474 
4 179 484 0
3 144 451 0
4 189 481 0
3 27 177 0
1 86 490 
2 150 282 
3 13 212 0
3 95 20 0
1 159 255 
2 423 438 
3 208 267 0
2 99 407 -1
1 4 347 
3 466 5 0
1 143 99 
2 342 119 
2 171 90 
3 301 390 0
4 264 163 1
1 406 158 
2 389 470 
1 465 339 
2 11 412 
3 491 359 1
1 435 279 -1
1 292 329 
3 204 329 0
3 279 9 0
4 254 218 0
3 119 368 0
1 315 405 
1 66 122 
1 111 324 
2 333 309 
2 50 240 -1
2 228 269 -1
2 149 372 
3 449 52 1
3 341 268 0
3 244 10 0
4 31 171 1
2 247 170 
2 58 74 
0 0 0 
