3000
3 2548 2989 0
3 2501 2172 0
3 396 2878 0
4 170 2943 0
4 291 155 0
1 893 1811 
2 996 2889 
3 992 2503 0
3 2944 2184 0
4 1012 1708 0
2 1374 583 
1 2611 238 
3 2975 1068 0
2 1859 2242 
3 879 682 0
3 590 1532 0
1 110 1429 
3 1007 900 0
2 436 115 
3 645 2325 0
1 1787 2350 
1 2925 121 
2 2881 2420 
3 107 68 0
4 704 2916 0
4 1186 723 0
1 743 2957 
2 289 826 
2 1349 149 
4 2629 756 0
3 541 941 0
4 658 1558 0
1 442 132 
3 1161 2596 0
1 508 925 
1 1404 992 
2 633 2021 
1 133 305 
2 530 605 
4 163 610 0
2 1237 2718 
3 1016 2605 0
4 1521 1725 0
4 1164 2938 0
4 121 371 0
3 2097 117 0
4 2733 1040 0
1 1698 632 
2 2607 2311 
1 1656 2395 
4 2322 812 0
1 768 2597 
4 526 649 0
4 1163 116 0
2 2035 903 
1 698 1556 
3 395 268 0
1 461 1196 
2 2459 2116 
4 1642 2910 0
1 391 497 
4 1883 1579 0
1 2518 373 
2 2909 486 
3 1328 793 0
1 684 2294 
3 2239 72 0
2 2329 2069 
4 2187 2201 0
4 542 1681 0
3 2132 2847 0
3 2725 2393 0
3 2100 253 0
1 2298 81 
3 1146 2179 0
1 1642 258 
2 130 2587 
3 335 392 0
4 214 480 0
3 1236 2186 0
2 2750 537 
2 2456 2186 
3 1238 1431 0
2 2508 832 
4 929 971 0
4 789 1891 0
2 1861 907 
1 310 1320 
1 1934 457 
1 2561 2821 
3 2102 1444 0
1 1159 2368 
1 2088 917 
3 2304 167 0
3 2600 20 0
2 630 2974 
2 2373 2998 
4 2265 2967 0
2 154 2646 
3 713 2373 0
1 505 2571 
3 2429 1219 0
2 2394 1054 
1 164 963 
1 892 1727 
3 1632 1271 0
1 436 32 
4 1997 1650 0
2 468 385 
2 2636 483 
2 1767 706 
2 1675 1717 
4 2254 2422 0
3 1830 257 0
4 2133 2119 0
4 1648 198 0
4 91 495 0
3 2617 1302 0
2 2211 977 
2 572 1066 
4 2799 2528 0
1 2426 2054 
1 761 760 
3 380 787 0
3 1520 1641 0
2 1281 203 
3 989 1397 0
3 36 2441 0
1 1508 1648 
1 1741 1850 
1 2017 1152 
1 1981 2350 
4 566 503 0
4 2222 2851 0
4 351 1959 0
4 540 1715 0
4 2137 1852 0
2 908 1835 
1 2882 2084 
3 2986 139 0
4 2147 2324 0
3 2665 220 0
1 693 965 
1 874 708 
4 2725 1053 0
2 1865 1421 
4 2402 461 0
2 2737 1121 
4 229 1506 0
1 1443 1491 
3 2862 565 0
2 2207 2021 
1 2838 2083 
3 226 1417 0
2 2554 1488 
3 1385 285 0
2 2839 1244 
1 1486 619 
1 791 748 
3 290 1066 0
4 1082 103 0
1 51 1289 
2 2546 1290 
3 1839 2228 0
2 1855 2802 
2 1972 546 
1 2816 514 
4 456 369 0
2 2539 2099 
4 80 1526 0
3 1420 470 0
1 922 2951 
2 569 1815 
1 2218 1550 
3 1258 2007 0
3 2469 732 0
2 1446 1061 
4 1995 1177 0
1 478 2552 
3 2396 1447 0
4 557 700 0
1 1285 1286 
2 976 1104 
4 729 1974 0
3 2661 470 0
3 191 352 0
4 2580 1180 0
2 2517 746 
3 2305 1725 0
1 945 1940 
3 2169 1372 0
4 1707 1360 0
4 1295 1273 0
1 2307 1122 
2 182 1402 
4 2385 1501 0
3 2686 2555 0
4 2341 1843 0
1 1487 1113 
3 722 537 0
1 684 490 
3 65 243 0
4 2662 1187 0
3 1931 2528 0
3 2791 370 0
4 2521 2885 0
1 1239 2925 
4 156 740 0
2 1308 1920 
4 1608 1083 0
1 1325 916 
3 440 442 0
3 972 465 0
3 1685 1087 0
1 1561 2001 
3 721 1075 0
1 1038 2868 
2 2495 131 
1 1767 354 
4 49 559 0
2 2430 2408 
2 923 570 
4 1430 2928 0
3 1239 577 0
3 137 1072 0
3 2430 968 0
1 1720 2420 
4 2711 1479 0
3 1216 804 0
4 2661 2922 0
4 2158 398 0
1 1969 2873 
4 2525 1641 0
1 2636 408 
4 1738 1847 0
4 144 31 0
4 1630 583 0
1 1054 2628 
1 1816 31 
1 2994 195 
2 760 122 
1 430 2540 
4 2837 1225 0
4 315 1677 0
2 63 622 
3 1483 36 0
2 2386 2882 
3 2883 48 0
2 999 1125 
3 573 389 0
4 2851 1950 0
3 1030 2758 0
4 443 2413 0
2 1836 1990 
4 1796 1456 0
2 1394 1695 
3 1991 2953 0
2 2448 975 
1 1584 2528 
1 1664 2879 
3 1208 2242 0
1 2837 2434 
1 2970 519 
1 2027 846 
2 2669 1982 
2 2575 1966 
1 595 2190 
3 2887 2193 0
4 2882 42 0
3 135 2339 0
4 2557 2196 0
1 2774 2071 
3 1621 2504 0
3 479 326 0
3 2467 373 0
4 917 84 0
2 2292 2998 
4 2441 2717 0
1 2453 1423 
4 1578 1955 0
2 182 2816 
4 1808 858 0
1 2889 1765 
2 1246 2858 
3 2066 636 0
1 555 866 
3 1638 1053 0
2 1575 2307 
1 1800 1789 
4 184 158 0
1 2244 1863 
1 2541 1237 
1 683 1414 
2 782 25 
2 2199 582 
2 1083 2872 
2 400 1008 
3 1231 955 0
1 2545 977 
3 17 1878 0
3 1663 2951 0
4 2557 958 0
1 2956 2787 
2 392 1333 
4 2643 946 0
4 197 2727 0
3 2653 823 0
2 170 2354 
3 2950 1518 0
2 732 1943 
3 2336 1152 0
3 230 2118 0
1 2252 466 
2 2288 2925 
1 392 1537 
4 485 2347 0
2 966 566 
1 2510 1568 
4 969 1433 0
1 2971 2716 
4 1768 707 0
4 2372 129 0
1 2258 1655 
1 120 1410 
1 741 2795 
4 2771 2723 0
1 1298 997 
2 2548 2409 
3 1197 1849 0
1 1689 1476 
1 2140 1149 
2 2061 1618 
2 1191 1515 
4 2644 2901 0
3 2111 2322 0
4 708 2416 0
3 265 714 0
4 904 2872 0
3 473 2361 0
4 1065 994 0
2 2782 1040 
4 1550 469 0
1 2917 417 
1 908 2584 
2 2375 1869 
4 833 1337 0
1 2191 396 
2 185 2538 
3 804 2956 0
1 376 696 
4 2634 2587 0
4 1271 437 0
1 1806 2437 
1 88 1165 
4 2681 1798 0
1 376 1135 
2 278 2348 
3 2491 1376 0
3 2941 2367 0
3 1366 1085 0
1 764 560 
3 504 1859 0
3 1784 1417 0
4 2582 2536 0
2 2535 1421 
4 475 1304 0
4 2369 2670 0
3 1720 2434 0
2 2136 1435 
2 913 748 
4 389 2827 0
1 443 2109 
1 505 490 
2 2749 553 
2 1121 2306 
3 1298 656 0
1 217 1267 
4 1260 1611 0
1 1242 2419 
1 237 383 
3 1727 1695 0
1 585 2856 
3 759 608 0
4 852 213 0
1 676 1607 
3 1231 2991 0
1 716 2624 
4 385 1787 0
3 460 261 0
3 1390 2169 0
1 2227 2347 
2 1834 663 
2 1796 1162 
1 1269 410 
4 1341 832 0
1 388 314 
4 1558 1817 0
3 1246 2856 0
3 1823 1324 0
1 434 759 
4 1769 1294 0
4 1009 339 0
4 2996 1621 0
4 2884 2487 0
4 1954 2104 0
1 2412 1600 
4 824 2162 0
1 2376 1847 
2 429 364 
1 2185 159 
1 2121 2831 
1 2827 1342 
1 425 660 
3 1 776 0
1 551 1932 
3 2935 651 0
1 1155 306 
3 839 1146 0
4 563 2906 0
1 2763 1517 
4 95 1050 0
1 1892 1741 
1 2255 1181 
2 35 630 
1 1433 2787 
4 304 2919 0
4 529 93 0
4 675 2282 0
4 53 2945 0
3 2695 997 0
2 167 2802 
1 2617 2297 
3 610 1927 0
1 2372 1531 
3 1113 2698 0
4 226 2080 0
2 2321 2336 
4 2617 1080 0
3 1583 1440 0
2 834 404 
4 471 1480 0
2 1818 2167 
4 1031 1860 0
1 2852 1256 
2 1252 1951 
3 2651 2633 0
3 1750 400 0
4 825 1479 0
2 2206 2689 
2 991 1708 
2 1578 1782 
2 517 2180 
1 847 1931 
2 696 156 
3 420 1533 0
2 1380 2252 
2 435 2688 
1 2503 2747 
1 137 1788 
3 486 906 0
3 1399 2880 0
1 2447 119 
4 1669 1589 0
1 555 1560 
1 2826 2880 
2 1462 2325 
1 1144 1092 
1 915 692 
3 2453 2493 0
1 1626 1247 
1 2116 230 
3 343 1913 0
1 1589 427 
4 2915 1173 0
1 1819 2166 
1 312 806 
2 2291 1492 
4 1178 253 0
1 988 1290 
2 486 212 
2 1044 858 
3 2547 512 0
3 148 529 0
2 877 438 
4 2122 1030 0
1 481 219 
3 2354 908 0
2 77 850 
1 656 2850 
3 2115 1368 0
4 2364 573 0
4 1904 2913 0
1 357 2118 
4 1506 2661 0
1 2293 1105 
4 2321 1094 0
1 2282 2836 
3 1280 2194 0
4 674 294 0
2 2224 1999 
4 2709 1421 0
1 1987 1707 
2 2056 1825 
3 1178 1830 0
2 1542 2030 
4 326 2028 0
1 2579 1014 
1 319 1830 
2 1617 162 
2 3 2703 
3 2044 968 0
1 2907 1530 
3 1844 971 0
2 1545 2369 
1 2913 1850 
2 1450 766 
4 448 2510 0
3 2063 1105 0
2 208 2014 
1 1453 2402 
3 1764 1366 0
2 1288 1501 
1 301 1727 
3 512 1049 0
1 2914 1179 
1 2650 233 
3 1906 376 0
1 2555 1030 
1 77 1654 
3 1931 2066 0
4 2505 2448 0
2 2677 2248 
2 2657 231 
2 1166 2822 
2 5 2365 
3 824 2560 0
1 1098 1375 
1 2927 330 
1 1769 183 
4 822 2177 0
4 2162 631 0
1 914 873 
4 688 690 0
4 741 2269 0
4 223 527 0
2 1810 1418 
4 1799 2429 0
3 2108 1869 0
1 1514 908 
4 2549 2619 0
1 585 1677 
1 448 1034 
4 2590 2404 0
1 2321 2988 
1 934 1411 
2 776 1267 
4 242 2501 0
1 1564 2406 
2 788 2144 
4 739 687 0
1 1611 400 
4 2340 1528 0
3 1100 2438 0
4 815 195 0
4 1989 2562 0
1 1571 2487 
4 918 2890 0
1 2617 1591 
1 540 1467 
4 2541 1480 0
2 1952 759 
4 38 513 0
4 330 1043 0
3 124 2559 0
3 1454 1323 0
3 1828 628 0
4 1600 1166 0
3 2016 276 0
4 1422 1330 0
2 2320 1411 
1 2352 1288 
3 359 1045 0
1 644 2960 
1 1825 181 
2 2653 1538 
1 2283 1442 
4 848 2667 0
1 136 55 
1 2324 837 
4 2642 230 0
2 757 723 
1 1766 2194 
3 2157 2058 0
2 1854 921 
3 290 1937 0
3 2523 2102 0
1 146 77 
4 1018 960 0
1 1800 26 
3 986 658 0
2 2865 1750 
1 1938 1868 
1 1851 1494 
4 1693 296 0
1 2466 1271 
1 75 312 
2 2894 891 
2 1574 962 
3 1193 2024 0
3 704 315 0
1 18 2239 
4 996 2078 0
1 1246 473 
1 1172 830 
1 1761 731 
1 2935 978 
2 105 2228 
2 244 2017 
4 2714 1019 0
4 818 465 0
1 1611 2204 
4 354 2929 0
3 1517 488 0
3 199 1183 0
3 579 1920 0
2 643 801 
1 1167 1391 
1 726 2382 
1 683 1571 
1 57 1483 
3 2541 994 0
2 1233 734 
4 2954 1437 0
4 2780 419 0
1 2373 811 
2 2458 1387 
1 660 1166 
4 748 2363 0
4 1339 2827 0
1 443 2877 
4 1673 863 0
3 1178 172 0
4 1681 1512 0
2 2203 561 
3 67 1425 0
2 2296 124 
3 675 1141 0
2 2623 2999 
1 1562 113 
3 2782 165 0
3 1232 1714 0
1 395 1884 
4 703 2351 0
2 1142 1215 
1 2224 1914 
1 1809 2439 
3 1021 817 0
1 1850 1430 
4 344 582 0
1 2258 811 
4 2884 386 0
3 1719 2695 0
3 2677 1268 0
4 2627 489 0
1 2487 1972 
3 2368 1333 0
4 540 1125 0
3 1157 1390 0
4 1027 2191 0
4 2863 2885 0
3 371 246 0
2 1771 2679 
4 1364 2436 0
2 279 1963 
2 990 613 
3 1557 1430 0
4 2315 2767 0
3 2014 2030 0
1 2630 1482 
4 1228 1280 0
3 913 2959 0
2 1744 417 
1 2901 1691 
2 1502 2433 
1 433 326 
3 2881 2029 0
3 9 343 0
4 2558 2022 0
3 2654 1442 0
4 2170 142 0
4 2883 2210 0
2 489 2401 
4 993 1896 0
4 2795 1786 0
3 2385 1378 0
2 2964 2469 
4 423 1204 0
4 849 2315 0
2 709 1078 
2 1668 1025 
1 2480 2088 
2 2994 92 
1 587 2485 
1 2863 537 
4 2145 2092 0
4 1711 1137 0
1 782 877 
1 1861 2992 
3 2824 605 0
1 1445 608 
3 2366 1704 0
2 2407 1355 
1 2031 2739 
1 233 914 
2 1375 2804 
1 2856 222 
4 2283 2795 0
3 1739 2058 0
2 1047 508 
2 503 1662 
3 2442 797 0
1 1901 134 
3 1365 2426 0
3 2899 686 0
1 139 196 
2 504 821 
3 2175 650 0
2 1835 2035 
1 241 499 
3 1550 2042 0
3 394 839 0
3 1124 2153 0
1 2992 484 
2 2478 2829 
1 1894 1889 
3 1027 2460 0
2 648 2406 
4 1850 1083 0
2 1461 1751 
4 1315 2902 0
1 2418 951 
3 904 637 0
2 1242 2850 
2 312 1213 
4 516 709 0
3 2141 1886 0
2 2795 787 
2 1044 2476 
1 994 1240 
1 792 433 
2 901 48 
3 1231 1610 0
2 1725 756 
1 1909 2480 
3 154 2302 0
2 207 1010 
4 1195 1806 0
4 2772 2478 0
1 442 1605 
4 1618 567 0
1 832 1874 
2 1569 991 
2 804 351 
1 1868 332 
4 1052 267 0
1 658 2863 
2 2578 782 
3 2293 797 0
3 1005 987 0
3 1625 2595 0
4 2412 1148 0
2 2874 943 
4 1562 1590 0
2 1628 2152 
2 1767 1766 
3 1064 2291 0
1 976 2705 
1 1985 1266 
3 820 2259 0
4 1104 422 0
4 1822 807 0
2 2151 1873 
1 2616 415 
1 2660 64 
3 1771 1052 0
4 548 2604 0
2 871 249 
3 2991 1997 0
3 573 76 0
1 1574 2807 
4 2827 1264 0
2 1447 145 
3 323 253 0
3 529 2363 0
3 2170 2482 0
4 1136 968 0
1 1638 1150 
3 2988 1493 0
4 749 791 0
1 1384 2803 
3 1828 2660 0
2 2414 990 
3 1628 137 0
1 770 2077 
2 2263 1243 
4 593 1388 0
4 2434 1240 0
1 2572 1402 
3 2085 1735 0
4 1137 1425 0
1 2784 1950 
1 302 1718 
3 500 337 0
4 1023 331 0
4 1126 2046 0
4 1501 780 0
3 664 2177 0
1 1235 629 
4 595 1344 0
1 2596 257 
1 1747 2765 
2 2314 165 
2 2036 137 
1 2159 1220 
1 108 2657 
4 786 595 0
3 2977 1108 0
2 2541 935 
3 2731 718 0
1 122 224 
2 1284 1734 
1 2064 2481 
3 2431 483 0
1 2811 2565 
2 1154 31 
1 372 2459 
1 2560 617 
2 2629 1081 
4 1914 255 0
4 2788 793 0
1 1 2463 
1 2905 1918 
1 2446 1680 
4 754 960 0
2 2755 558 
2 1390 770 
2 482 1235 
3 1891 1310 0
4 253 2731 0
3 1441 1643 0
3 1808 1383 0
4 1846 1326 0
3 2241 1541 0
2 187 1663 
4 595 579 0
4 918 2869 0
1 2304 907 
2 1509 97 
3 802 1631 0
1 554 2172 
4 838 2916 0
4 2479 1536 0
1 2801 1689 
2 1660 2197 
3 1196 2896 0
3 1556 29 0
3 648 2422 0
1 1327 386 
4 292 1209 0
1 2768 1249 
4 1545 955 0
1 423 2621 
4 873 2755 0
4 16 2697 0
2 1340 478 
3 2231 1201 0
1 2211 4 
4 1089 2683 0
4 963 2403 0
4 2159 1414 0
4 749 1340 0
4 2294 2088 0
2 394 600 
1 2358 1182 
1 1647 2397 
4 48 24 0
2 1316 2260 
2 2679 1065 
1 2418 1154 
2 1282 1621 
1 687 1935 
3 509 1889 0
1 1472 812 
1 2019 79 
3 2718 1272 0
3 2041 314 0
2 2043 2023 
1 2803 1590 
2 704 2749 
2 2326 2961 
2 2104 1295 
3 1770 1416 0
2 1923 412 
4 217 819 0
3 411 2561 0
2 1939 2389 
3 2304 1605 0
2 2612 913 
1 2430 1849 
4 692 573 0
4 2552 113 0
4 613 579 0
2 1091 582 
2 1962 2022 
2 1067 446 
2 263 1020 
1 610 2039 
2 1783 2397 
2 2472 502 
1 625 233 
3 2763 703 0
4 1029 630 0
3 2138 1166 0
4 436 2162 0
2 1010 652 
1 1339 539 
3 1937 2075 0
1 669 2077 
4 137 1961 0
3 1286 2474 0
2 807 2995 
2 2078 82 
3 1884 1041 0
3 357 2604 0
2 558 2198 
4 740 482 0
3 1529 1345 0
2 2666 359 
1 2890 1833 
1 760 1722 
3 245 592 0
3 2631 823 0
1 1146 1747 
2 567 2485 
3 2968 530 0
3 2311 1288 0
3 2539 1987 0
1 784 1682 
2 2587 1761 
1 988 2695 
2 2137 1784 
4 1060 2660 0
1 2712 1247 
1 2799 1615 
1 1043 636 
3 2439 2413 0
2 837 1770 
2 1864 1637 
1 1327 2680 
4 444 1765 0
2 1903 2429 
4 2278 2165 0
2 417 563 
4 382 1407 0
4 271 2978 0
1 1797 847 
2 934 2842 
2 1805 1513 
4 285 1801 0
2 2009 1505 
2 534 2923 
4 2511 2375 0
2 1050 2757 
1 1180 1338 
3 2284 475 0
4 835 525 0
3 2617 94 0
3 1907 841 0
2 1702 28 
2 1348 150 
2 1128 1318 
1 2709 2113 
1 1457 457 
2 1685 516 
1 1015 2440 
3 2193 2647 0
4 1107 983 0
4 2715 1473 0
1 1346 2795 
3 2754 1932 0
1 1718 2186 
1 2819 1179 
4 2933 2416 0
3 1909 285 0
1 61 2887 
3 724 2681 0
2 630 1801 
3 2268 1053 0
3 1799 694 0
3 2826 311 0
4 2416 50 0
3 750 1241 0
2 1110 945 
1 844 47 
2 2015 1933 
3 166 2819 0
4 1156 2683 0
2 2604 1434 
3 1810 142 0
1 1437 661 
4 2016 2494 0
1 979 2347 
2 1051 1790 
2 1464 1833 
3 701 247 0
2 2798 1273 
1 2602 340 
2 1289 2269 
1 36 894 
1 1685 885 
4 2247 1268 0
2 2133 54 
2 2218 1597 
3 1286 2228 0
4 2087 745 0
1 1575 2306 
3 2975 456 0
4 2395 2481 0
4 25 1784 0
4 276 1552 0
3 130 2042 0
1 1562 1692 
4 1945 1006 0
2 1525 2803 
1 880 2558 
2 1137 1975 
2 664 2780 
3 688 671 0
1 2428 1612 
4 935 1254 0
1 1971 1408 
1 1448 2094 
4 222 576 0
3 2879 799 0
4 265 2561 0
4 748 2476 0
4 2528 2489 0
3 1017 2244 0
1 2147 2339 
3 1447 1460 0
4 1094 2671 0
2 426 2022 
4 1337 2511 0
1 1461 1347 
3 2255 1749 0
3 362 1221 0
3 2970 1955 0
3 2144 2132 0
1 2313 2236 
1 1106 62 
1 156 618 
2 80 2313 
4 1023 703 0
2 1321 1267 
2 416 2974 
4 62 782 0
3 2728 1544 0
4 2912 446 0
2 2950 1709 
1 1508 1772 
4 1385 1736 0
2 603 685 
1 174 943 
1 1470 2363 
2 2177 2110 
2 2228 808 
2 126 2780 
2 2220 1549 
2 653 869 
2 157 2876 
1 1390 1646 
4 1634 1765 0
3 2758 2486 0
4 1928 116 0
4 2425 462 0
3 1260 1378 0
3 1460 2521 0
2 1699 207 
1 2825 2539 
1 2514 176 
3 1106 2632 0
3 564 988 0
4 251 943 0
3 2983 1621 0
2 2646 1877 
2 1979 630 
4 628 867 0
2 2355 1805 
4 2978 1025 0
3 1768 1931 0
2 1082 1077 
4 241 1170 0
4 1582 625 0
2 2127 339 
3 578 2106 0
4 1877 1705 0
2 707 678 
4 1043 83 0
3 408 2976 0
3 909 2120 0
2 1477 1751 
2 2970 2216 
4 820 2968 0
3 1334 1733 0
2 1603 2054 
1 544 2661 
1 734 1867 
3 808 2105 0
1 2877 470 
2 840 1116 
3 2257 2900 0
1 876 19 
4 2658 812 0
4 2112 1719 0
3 754 911 0
2 502 332 
2 1746 890 
1 1737 843 
1 2702 1207 
3 1352 814 0
4 691 1048 0
1 967 2729 
3 2804 2810 0
1 202 534 
2 1828 1187 
3 2475 2487 0
4 2181 2894 0
2 640 1577 
1 1772 2091 
1 1133 1826 
2 698 1649 
3 815 2824 0
3 419 384 0
4 1447 1177 0
4 2937 1113 0
3 1429 1262 0
4 599 881 0
4 1311 2688 0
2 2930 2220 
1 2201 1583 
3 296 207 0
4 932 341 0
3 230 2414 0
4 1229 1393 0
4 2078 971 0
4 2537 1310 0
2 2208 2362 
2 1213 858 
2 1141 2941 
2 2474 2791 
3 1559 1154 0
1 704 1261 
3 2791 1166 0
2 1752 2441 
1 671 375 
4 2396 1646 0
1 1550 2162 
3 1070 850 0
1 2039 1464 
4 1289 1998 0
2 611 2248 
2 183 2512 
4 434 2666 0
3 1099 59 0
2 2385 681 
2 181 2722 
2 312 1951 
3 1370 2286 0
4 2578 1801 0
3 76 2823 0
4 1333 2109 0
2 1029 789 
1 1684 1448 
2 2638 2961 
3 398 2312 0
3 2053 1937 0
2 708 767 
4 939 2691 0
4 869 1176 0
4 666 1616 0
4 2268 2576 0
4 33 1891 0
3 708 2252 0
4 902 2349 0
4 529 1255 0
3 1645 417 0
1 182 2477 
3 211 1728 0
3 2209 2550 0
4 352 1599 0
3 1589 2970 0
1 751 477 
1 2196 2983 
4 615 7 0
3 1131 2105 0
2 2606 747 
2 2605 257 
1 1863 1038 
2 11 1054 
4 137 602 0
4 2650 2892 0
3 766 1576 0
2 740 2022 
2 772 1509 
1 2066 2324 
4 2791 522 0
4 1850 1879 0
1 2875 2984 
1 330 809 
1 517 525 
1 782 2212 
2 83 1892 
3 693 2160 0
1 1041 375 
1 2769 899 
2 2005 614 
1 2093 2798 
4 1722 1623 0
4 2983 1149 0
4 2389 2688 0
1 2686 2830 
3 2694 1005 0
3 1975 1269 0
1 1438 368 
3 1035 1072 0
2 461 269 
2 443 943 
1 2427 2754 
2 420 523 
4 1464 184 0
4 67 1207 0
3 629 2699 0
1 2714 1569 
3 1965 477 0
3 630 2931 0
4 2663 2164 0
1 1154 939 
2 2018 146 
4 2069 1434 0
4 946 2822 0
4 164 544 0
2 2207 541 
4 662 2130 0
2 1529 1914 
1 1051 306 
3 2819 855 0
1 2910 2691 
4 1789 2452 0
3 1945 939 0
4 2319 353 0
4 358 2983 0
4 366 2048 0
4 561 2500 0
1 627 2757 
3 2076 1331 0
1 938 467 
2 700 2107 
2 663 1554 
2 2057 2864 
3 1486 2099 0
1 1534 2964 
4 2172 336 0
3 140 598 0
3 798 331 0
1 159 2288 
1 476 642 
4 1099 223 0
4 2722 1406 0
1 2716 2657 
3 607 696 0
1 2396 2633 
1 1547 867 
1 1311 830 
3 2819 1949 0
4 933 1012 0
4 789 2245 0
3 219 2030 0
4 17 1745 0
2 556 19 
4 1470 1569 0
3 673 579 0
1 2023 2711 
3 2527 706 0
2 2223 2407 
4 805 781 0
3 2465 2674 0
4 2393 1809 0
3 2995 371 0
2 258 50 
2 2607 1786 
3 1464 1082 0
3 291 2098 0
3 124 1234 0
4 2615 2872 0
4 1484 1691 0
3 621 662 0
4 2096 1518 0
2 239 884 
4 1156 2763 0
3 1106 328 0
2 1585 370 
2 2556 2034 
4 2036 1859 0
3 2279 835 0
2 2001 2674 
3 2738 101 0
4 18 892 0
3 1828 1350 0
2 2897 561 
4 878 2118 0
2 449 1275 
4 1602 1816 0
2 2490 210 
2 1286 577 
1 2225 1166 
3 826 955 0
2 218 263 
2 1495 2434 
1 2103 2135 
2 2183 1204 
4 2864 2536 0
1 2084 1950 
4 2823 285 0
4 24 1780 0
2 1918 321 
2 2516 589 
4 1085 942 0
4 2507 862 0
4 2387 639 0
4 1577 771 0
2 2635 2883 
2 674 1457 
2 2246 2433 
3 699 2507 0
1 949 2933 
4 1933 2450 0
4 556 1709 0
2 2426 1124 
4 665 2633 0
3 2094 989 0
3 759 1474 0
1 2188 141 
4 2701 1317 0
4 2829 1922 0
2 2537 2802 
3 2675 2528 0
2 1776 137 
1 1354 2156 
4 1076 839 0
1 1051 1383 
4 2045 26 0
4 247 2583 0
1 2745 1342 
4 588 82 0
3 1955 287 0
4 1808 550 0
3 193 2387 0
4 1385 525 0
1 1904 1624 
3 2916 4 0
3 216 1094 0
3 2963 2600 0
1 2472 2266 
1 827 1089 
1 2112 2573 
1 777 1473 
1 1674 536 
2 1377 2140 
1 989 2231 
1 11 2072 
1 2277 649 
3 1150 2133 0
2 494 2995 
4 312 492 0
3 49 1263 0
3 2802 2749 0
2 1483 2424 
1 2922 1364 
4 1980 2048 0
1 815 1806 
2 1928 60 
1 837 1558 
2 2081 975 
4 1345 285 0
1 1259 355 
3 2209 40 0
4 2064 1260 0
3 1919 1840 0
3 1090 1028 0
3 566 1137 0
3 364 44 0
4 1552 2978 0
1 2402 401 
4 2213 2234 0
3 2859 2206 0
4 2866 2223 0
3 1030 2937 0
1 1360 2614 
3 1347 59 0
2 631 2724 
2 236 340 
2 1527 840 
2 2236 1920 
1 2848 299 
4 2112 778 0
4 2405 1111 0
4 847 2258 0
3 569 509 0
4 2850 407 0
2 2637 2891 
1 1294 889 
4 281 2869 0
2 2551 970 
3 1036 2660 0
4 2538 662 0
1 2047 1087 
1 818 2624 
2 1556 309 
3 110 1355 0
2 1606 1337 
2 728 1574 
1 823 2169 
3 1674 2152 0
1 2798 491 
4 1261 1491 0
1 2579 1687 
2 2434 387 
3 2304 762 0
1 1267 2220 
3 2290 2442 0
4 2708 251 0
1 389 603 
4 2791 2768 0
3 2552 196 0
1 1567 1286 
2 444 673 
2 2588 811 
2 512 458 
2 462 260 
1 1733 2587 
3 1257 1243 0
4 1014 462 0
4 1106 1533 0
2 2968 1966 
1 141 577 
4 2612 2754 0
2 2163 1624 
2 760 808 
1 135 751 
3 604 1102 0
3 619 2017 0
3 2071 1827 0
4 1763 2945 0
2 1603 1780 
4 2899 256 0
2 969 568 
2 2733 279 
4 1787 703 0
2 2509 2832 
1 1209 204 
4 438 1386 0
4 1660 759 0
2 1953 2814 
2 2010 616 
4 2881 1456 0
4 485 1586 0
4 460 2168 0
1 1265 1268 
4 1783 1373 0
3 1693 282 0
3 1351 2188 0
3 1094 1175 0
3 1012 2581 0
2 2902 741 
2 1688 1598 
2 898 2458 
2 2962 1582 
3 835 1580 0
2 1216 1589 
2 160 2188 
2 2190 424 
2 206 1430 
2 2769 750 
1 2371 2691 
4 1411 128 0
4 1104 2715 0
2 1087 1414 
1 975 1586 
3 1262 1852 0
1 458 956 
3 913 134 0
1 2661 1290 
3 2826 507 0
1 1283 206 
3 1172 2993 0
4 1735 10 0
3 684 1190 0
3 2486 827 0
4 69 2169 0
2 609 447 
3 2413 719 0
1 2043 2508 
3 161 1626 0
4 1003 1471 0
3 1531 1433 0
4 82 168 0
3 1639 1815 0
4 265 2124 0
4 889 575 0
3 2209 1810 0
3 718 1569 0
2 1728 1898 
2 1443 2651 
4 2195 1785 0
3 1051 2146 0
3 151 2260 0
3 2626 1364 0
1 1256 2903 
2 435 1707 
1 592 2122 
1 2963 2880 
2 1502 153 
4 1751 614 0
1 1748 1819 
2 1227 1291 
2 82 127 
4 1533 130 0
2 381 868 
1 2202 1105 
4 2922 944 0
4 2901 2030 0
2 1996 2281 
1 83 1203 
2 2567 191 
3 1924 488 0
4 294 1508 0
1 923 1265 
2 1975 963 
2 1059 377 
4 713 1040 0
2 2221 83 
4 537 2825 0
2 115 1931 
2 2730 988 
3 1990 840 0
2 2490 841 
2 2794 2677 
1 1006 1145 
3 1923 1088 0
4 1759 2250 0
1 442 2375 
4 877 1775 0
1 1557 1651 
2 2351 2924 
3 956 2478 0
2 1932 2982 
4 2276 1634 0
2 2703 65 
4 2537 2835 0
4 2722 2634 0
3 650 1522 0
4 2515 220 0
1 1520 1220 
4 2427 919 0
1 2723 2415 
4 2515 2108 0
2 2517 2655 
4 911 496 0
4 376 314 0
4 2374 1370 0
1 1785 1917 
4 2894 1074 0
3 1312 2061 0
3 310 2578 0
4 1497 2426 0
4 2247 2241 0
2 786 2737 
2 2307 739 
4 1309 1192 0
3 1415 73 0
1 843 2384 
2 736 2030 
4 1514 124 0
2 993 2925 
2 50 354 
4 988 2408 0
4 1923 2313 0
2 2168 1179 
2 414 1936 
3 390 1692 0
1 1899 914 
1 1197 2709 
2 2688 1559 
3 2170 1341 0
2 523 2616 
2 1796 2435 
1 159 1364 
3 1691 970 0
4 2311 1869 0
4 2066 2038 0
2 963 2647 
2 2391 936 
4 1642 2009 0
1 2361 1950 
2 1029 2871 
2 1377 50 
1 2992 401 
3 2481 1949 0
4 988 1664 0
3 2682 218 0
3 646 2907 0
4 725 2705 0
2 958 619 
3 1385 937 0
3 371 1733 0
2 1703 2776 
4 376 1779 0
2 2237 2615 
2 189 1344 
3 2793 1876 0
4 2285 29 0
1 764 1791 
1 865 1925 
2 1307 2698 
1 976 461 
2 543 1353 
2 423 2946 
4 2851 2952 0
3 2914 1251 0
2 1811 1055 
3 1244 2732 0
2 2316 149 
1 2784 877 
4 1906 2287 0
2 505 1561 
2 2018 2171 
4 2048 2857 0
3 934 2740 0
4 528 1972 0
2 2165 1961 
2 1049 1082 
4 26 7 0
4 676 883 0
3 1517 2227 0
1 2513 176 
2 1079 772 
4 2068 1259 0
2 2586 2989 
1 544 1414 
3 1089 706 0
1 363 435 
1 1354 589 
3 1602 1413 0
4 1514 2134 0
2 1993 1014 
4 2660 94 0
1 286 17 
1 2896 1119 
3 1038 1114 0
3 2016 2476 0
2 2962 2195 
4 2355 1545 0
4 2386 516 0
3 1145 195 0
1 2766 2869 
1 1584 2652 
1 244 1439 
3 1353 2179 0
2 1683 51 
2 1757 2743 
3 2869 2262 0
2 2318 183 
2 2616 307 
4 834 1331 0
1 197 949 
2 2113 893 
1 584 958 
3 1493 1990 0
3 1273 432 0
3 2106 2047 0
3 685 1985 0
2 1925 2268 
1 1330 2280 
1 2777 231 
4 2027 484 0
1 489 2591 
3 1407 320 0
2 1019 2809 
2 371 63 
1 1214 1391 
1 1575 1360 
3 52 1651 0
4 2356 2782 0
1 852 2586 
3 180 1046 0
2 795 1435 
3 1770 539 0
3 531 1946 0
4 328 2176 0
2 766 1534 
3 1286 472 0
2 2778 2480 
4 1939 2678 0
1 1045 2466 
3 69 1888 0
1 1752 266 
3 1135 267 0
2 1797 2038 
2 2660 126 
4 1236 264 0
2 279 1955 
3 723 1695 0
1 113 2270 
1 1385 222 
1 1814 2908 
4 773 724 0
1 2146 212 
3 2099 1790 0
4 1360 2259 0
1 1155 963 
1 964 2517 
3 997 2686 0
3 354 2174 0
3 2218 1012 0
4 2246 2221 0
1 2414 676 
4 141 1818 0
4 1095 153 0
1 555 1960 
1 571 2644 
2 2491 1474 
3 1536 774 0
3 1735 948 0
4 473 827 0
2 400 2860 
3 1899 797 0
3 628 763 0
4 2168 1637 0
4 2846 1517 0
4 895 1700 0
4 25 531 0
2 132 1145 
4 554 1653 0
4 1719 355 0
4 2023 2905 0
2 1688 2297 
4 473 1621 0
2 2481 1006 
4 1236 719 0
2 473 2542 
3 360 1406 0
4 1837 796 0
4 1137 490 0
2 2060 1879 
2 1467 243 
4 993 561 0
1 2383 2259 
1 1124 1099 
3 40 2068 0
4 2199 2859 0
1 648 752 
3 999 512 0
1 135 215 
3 2620 1012 0
4 2161 33 0
1 2162 828 
1 2106 668 
1 856 1737 
1 571 406 
1 564 143 
2 1836 2264 
2 2232 1730 
2 913 935 
4 2335 1975 0
2 2540 2250 
4 502 941 0
1 1608 2334 
2 1607 1965 
4 2438 2520 0
1 2828 1901 
4 2134 2876 0
4 1070 1459 0
4 346 119 0
3 2752 2204 0
4 1447 2922 0
4 405 1422 0
3 2460 2810 0
1 2065 2601 
1 1630 29 
4 2103 756 0
4 147 1318 0
3 185 930 0
1 587 1377 
2 1780 1544 
3 1042 2583 0
3 1390 1525 0
1 717 1902 
4 2177 81 0
2 1105 651 
3 2821 1098 0
1 386 2852 
3 2381 2386 0
2 469 1465 
4 1857 257 0
1 2679 394 
2 1823 541 
2 2286 2554 
1 2594 350 
3 2431 1957 0
2 1924 611 
3 493 1128 0
1 175 55 
3 887 962 0
1 1024 1984 
3 1812 1521 0
4 994 2628 0
2 891 2990 
4 377 2285 0
3 250 2566 0
1 1012 284 
1 1836 2615 
3 2199 1362 0
1 1310 1913 
4 1689 1409 0
2 1039 23 
1 1865 1418 
3 1317 2817 0
3 2512 69 0
2 616 42 
3 2110 1785 0
1 375 2646 
4 2528 2527 0
4 2846 2929 0
1 596 2378 
3 2800 1968 0
3 226 1373 0
3 2612 2167 0
1 757 2079 
4 2387 1118 0
4 2074 2409 0
4 2630 2364 0
2 2781 1212 
1 1014 380 
4 904 2875 0
4 1273 769 0
3 2819 2990 0
4 636 2822 0
1 1546 592 
2 689 2922 
2 2894 1696 
3 1733 794 0
2 2082 2421 
3 589 767 0
1 786 1923 
4 643 201 0
3 133 2512 0
2 24 249 
2 2475 2976 
2 1616 1816 
4 1755 1095 0
1 573 484 
2 989 2500 
4 943 2909 0
3 1017 1803 0
3 2570 1430 0
4 1353 2052 0
2 1480 769 
1 2482 87 
2 2063 537 
2 1292 1589 
2 1675 758 
1 1022 2033 
4 1274 2562 0
4 2362 2773 0
1 1880 1949 
3 800 1276 0
3 2907 2678 0
4 946 2012 0
2 2130 29 
1 345 862 
4 1743 1953 0
1 2446 314 
4 1169 2310 0
2 261 2763 
1 1459 1778 
2 2013 2360 
2 755 1440 
2 1498 939 
1 1223 583 
2 2138 794 
2 1155 2700 
4 644 1187 0
3 1525 1980 0
3 503 2834 0
1 2360 2877 
3 432 2170 0
2 2193 1981 
2 1532 2048 
1 1229 667 
1 529 54 
2 1569 1918 
3 653 2220 0
3 2292 1165 0
2 1254 761 
1 2534 2638 
4 1459 288 0
4 34 636 0
1 1661 2468 
4 15 2501 0
1 904 54 
1 2874 1468 
2 1468 708 
1 2134 728 
2 1786 2958 
1 2855 1949 
4 1087 428 0
4 182 722 0
2 626 515 
1 180 2441 
3 1621 2701 0
1 279 1175 
2 1274 2533 
3 2761 264 0
4 2874 637 0
1 2865 1771 
2 569 1785 
4 2497 2023 0
4 2981 1947 0
4 2044 2283 0
4 1968 660 0
1 927 1603 
3 244 671 0
3 469 2842 0
3 2356 1054 0
4 611 1101 0
4 169 1263 0
2 2413 1258 
2 763 749 
2 1419 657 
3 2251 753 0
2 2904 1349 
2 81 2685 
3 1182 653 0
3 2988 1974 0
2 1979 1085 
4 2350 2006 0
2 1165 81 
2 1987 2139 
4 2113 1096 0
4 1925 2700 0
1 1846 1370 
2 2481 1122 
2 1529 164 
3 2978 2974 0
4 1729 2278 0
3 2628 305 0
3 1426 2976 0
3 952 2563 0
3 161 1012 0
4 1012 2869 0
4 598 1449 0
3 978 87 0
1 1775 2433 
3 2562 2922 0
1 2177 1820 
1 2251 300 
2 1926 1912 
4 1413 2097 0
4 1623 2454 0
3 1712 342 0
4 277 2150 0
4 2318 97 0
3 891 632 0
4 1754 2121 0
2 1792 1226 
3 2572 1330 0
2 2566 349 
2 399 1427 
3 823 1333 0
1 496 2420 
3 2503 1437 0
1 710 2276 
2 1817 2772 
3 1307 2750 0
1 8 502 
3 2897 547 0
4 1135 2918 0
4 1196 1354 0
1 1331 1208 
4 2913 1151 0
2 2146 2829 
3 260 273 0
4 1637 559 0
2 1957 1678 
1 368 2548 
4 2406 2152 0
1 2851 1163 
3 2412 886 0
2 2096 185 
2 942 651 
1 938 96 
2 923 1065 
4 2226 444 0
3 88 565 0
4 2243 1117 0
3 1680 2942 0
4 2837 1651 0
2 58 2300 
3 2474 2256 0
4 1746 2592 0
3 1261 1324 0
3 618 325 0
3 2968 550 0
4 2274 1138 0
3 1938 411 0
3 789 1439 0
2 1290 498 
2 2456 1503 
3 880 531 0
2 950 2687 
1 1502 1452 
4 1323 2518 0
4 2720 2528 0
4 1126 1888 0
2 2393 1664 
1 2842 319 
3 801 2158 0
3 909 2366 0
1 2448 2158 
4 1677 2384 0
1 642 459 
3 2575 1508 0
3 2300 2178 0
2 2300 1748 
1 2418 890 
3 1548 1428 0
4 1660 164 0
4 806 1834 0
4 793 1318 0
4 2721 422 0
4 1127 31 0
3 1513 410 0
1 2954 478 
2 474 1636 
1 1694 751 
3 1748 614 0
4 1819 2767 0
3 2502 2499 0
1 2991 1314 
4 2527 1593 0
2 558 1992 
4 2445 1002 0
4 734 530 0
1 2669 1639 
2 2984 1973 
4 1426 2671 0
2 2078 877 
3 2329 2930 0
4 2176 1422 0
1 797 328 
4 2462 1596 0
3 1777 9 0
4 1018 713 0
1 381 2861 
4 558 1533 0
1 2218 2034 
2 197 803 
2 2236 2404 
2 2528 1788 
2 1098 2250 
1 907 752 
2 1400 2715 
1 2954 2295 
3 83 2208 0
3 1840 1179 0
4 2789 2123 0
1 238 911 
4 1965 2968 0
2 2901 1820 
1 346 735 
1 243 1838 
3 2118 2373 0
3 479 717 0
4 2614 1720 0
4 113 714 0
4 1363 666 0
4 444 780 0
2 1762 627 
1 1275 2572 
1 2838 364 
2 544 1782 
1 2007 2031 
1 1896 1937 
4 2798 839 0
3 1188 1360 0
2 2374 1017 
2 1034 1786 
2 286 2491 
3 2565 2993 0
4 693 1562 0
1 1363 233 
2 2467 2449 
4 2643 1870 0
2 681 475 
1 921 2103 
1 1142 2765 
2 1096 1000 
4 2906 45 0
1 1769 897 
3 1817 2947 0
3 962 2654 0
1 366 2908 
2 962 1449 
4 1673 1686 0
1 251 1324 
1 490 1501 
4 2113 1777 0
1 498 1374 
3 1810 1847 0
3 770 943 0
2 881 1169 
1 1799 402 
3 1266 522 0
3 456 316 0
4 1933 1345 0
2 2362 1124 
1 744 1819 
1 1314 296 
3 2093 218 0
1 2326 1376 
1 725 2067 
1 1369 2104 
1 2709 2977 
4 168 516 0
1 978 592 
2 1957 67 
3 1596 1962 0
4 2963 1289 0
2 750 532 
3 2024 1095 0
3 2884 1418 0
3 1311 1155 0
4 1917 130 0
3 1198 2323 0
4 2305 260 0
1 364 880 
2 1406 1732 
2 1382 2788 
3 154 467 0
3 79 2864 0
2 2367 772 
2 483 1455 
2 591 2717 
2 2997 2483 
1 616 1927 
3 1578 57 0
4 606 2284 0
3 2969 72 0
1 2697 193 
3 488 413 0
4 2573 1024 0
1 2782 1489 
3 989 1223 0
4 235 1616 0
4 2739 2317 0
1 2877 2642 
3 1906 1568 0
1 2574 207 
1 78 2838 
4 827 1823 0
2 2271 2973 
4 1198 2272 0
3 2856 835 0
2 388 2630 
3 2805 2507 0
4 1700 2663 0
2 1907 2294 
1 480 2972 
2 2886 448 
1 1786 2310 
4 102 1462 0
4 1989 2490 0
2 1317 2741 
3 2885 627 0
4 2123 2465 0
2 461 2052 
2 1067 2952 
3 1030 1023 0
2 2759 761 
3 2915 1436 0
1 2110 919 
1 2002 78 
2 796 1071 
3 2795 2213 0
4 2023 49 0
3 887 143 0
1 960 1337 
4 1159 1470 0
2 2179 1596 
3 2581 1770 0
2 583 1140 
1 92 1318 
1 942 1971 
2 1680 2685 
4 1425 2896 0
3 2941 1875 0
2 2186 2676 
2 2765 808 
2 1895 855 
1 2377 1392 
1 1104 2350 
4 20 2835 0
2 1182 895 
4 1931 1807 0
4 1033 2741 0
2 647 1566 
2 1147 511 
2 2026 2951 
3 1678 1548 0
4 2625 1369 0
4 271 746 0
3 2 1410 0
3 383 1552 0
1 14 851 
2 369 2666 
2 2610 340 
2 2319 1365 
1 750 1356 
1 415 821 
1 626 1434 
3 112 99 0
2 520 2888 
1 2121 2738 
1 2373 650 
3 2927 2045 0
4 535 2265 0
3 2393 1271 0
1 2413 2995 
1 344 540 
2 975 1750 
2 1343 786 
4 2222 1147 0
4 2313 2168 0
1 2870 1881 
3 2385 2660 0
2 825 491 
1 1195 670 
2 1798 1902 
1 1288 866 
3 1293 2447 0
3 1616 1795 0
4 2946 1119 0
3 2690 2759 0
2 24 2444 
1 2453 696 
2 1590 2017 
3 1933 2344 0
3 1300 1826 0
2 785 841 
3 2665 1768 0
1 1394 2698 
4 1800 1605 0
3 654 1868 0
2 1626 2501 
3 1901 2993 0
1 1173 2844 
3 791 1164 0
1 1463 1010 
2 461 1059 
1 1032 2608 
4 941 877 0
4 1256 270 0
1 2654 1822 
1 1489 1028 
4 2342 1788 0
3 947 851 0
3 1295 1666 0
3 1626 1775 0
2 1380 2241 
1 2450 1214 
4 1474 2984 0
4 2805 1040 0
1 2358 2416 
2 2926 111 
1 426 2298 
3 2233 2453 0
3 2936 1017 0
2 2309 1348 
3 309 2344 0
3 1820 1896 0
4 463 1673 0
4 1969 2834 0
2 1414 1073 
1 1948 2646 
4 992 2725 0
4 1827 2493 0
3 540 1508 0
1 626 1533 
1 1333 1756 
3 2797 1696 0
3 2769 505 0
3 387 2133 0
3 664 1695 0
4 1137 171 0
1 1627 26 
1 1306 2836 
3 1229 1933 0
4 276 2450 0
2 1157 2862 
3 776 1166 0
1 1754 2534 
3 202 2679 0
3 2766 1742 0
3 2527 1017 0
4 2642 1928 0
2 1356 2057 
1 2509 1179 
1 665 2557 
3 375 34 0
1 2723 709 
4 1464 997 0
2 2362 2339 
3 930 1444 0
1 137 9 
2 1304 2902 
2 734 2702 
4 2000 97 0
1 376 205 
1 2489 2406 
4 438 762 0
1 2210 724 
3 2604 2526 0
1 1193 70 
4 1358 2617 0
3 56 1819 0
1 65 1190 
4 2161 1176 0
2 1851 2554 
2 2276 1345 
4 2751 126 0
3 1405 229 0
4 110 1767 0
1 155 862 
4 2684 2885 0
2 1112 1863 
4 2871 2743 0
1 2208 373 
4 906 1024 0
2 284 1570 
3 2695 582 0
4 2461 2494 0
4 2380 870 0
2 685 2187 
4 953 614 0
1 765 2877 
4 2927 1148 0
1 740 2610 
4 1428 1375 0
2 218 2976 
1 564 1844 
1 134 822 
2 925 1084 
3 1071 2229 0
3 2140 2644 0
2 1997 1727 
1 1837 2755 
1 1113 2850 
4 1443 2158 0
1 1885 1247 
2 1129 1887 
3 1109 2283 0
1 1089 2121 
2 248 419 
3 2224 1899 0
1 666 1783 
2 2807 1805 
4 250 2231 0
2 2146 517 
3 1275 119 0
4 190 310 0
4 2203 475 0
1 2106 147 
2 2195 2432 
1 2047 686 
1 2006 274 
3 2653 912 0
1 2962 1565 
1 937 377 
1 286 430 
2 646 2595 
1 1223 870 
4 1959 746 0
4 724 115 0
2 1350 2384 
3 401 540 0
3 1638 2141 0
4 985 1645 0
1 281 189 
1 824 1585 
4 1043 836 0
1 2872 193 
1 2108 345 
4 1291 1654 0
1 1315 769 
4 844 1111 0
1 2007 2511 
3 216 2706 0
4 2308 2012 0
2 2880 2015 
4 2521 770 0
3 1109 2779 0
3 2650 2867 0
4 1483 2535 0
3 926 2244 0
4 2039 1154 0
3 1761 2479 0
3 834 2359 0
4 1135 656 0
1 557 2638 
3 2805 2015 0
2 1094 2691 
2 2995 25 
4 1324 2146 0
4 1597 2313 0
1 422 294 
2 1640 2938 
3 1908 969 0
4 519 588 0
2 2894 2248 
4 1229 2652 0
2 2002 405 
1 2200 1193 
2 1721 1766 
3 2167 1181 0
2 2734 742 
3 2482 1293 0
2 66 1507 
3 934 1205 0
2 2272 2918 
2 794 2186 
3 2961 1614 0
1 1419 2443 
2 657 2737 
2 2913 2792 
4 880 1503 0
4 2698 952 0
1 644 1075 
3 708 2244 0
2 1759 2517 
2 2747 1093 
3 2610 2479 0
3 1580 2330 0
1 2645 2196 
4 2260 1642 0
4 1563 1818 0
2 2044 2444 
2 1423 768 
3 943 2633 0
3 2770 1602 0
3 1217 2448 0
1 2570 2162 
3 2133 1494 0
4 178 2865 0
3 1691 1097 0
3 1176 2024 0
4 1262 222 0
3 632 38 0
3 1885 243 0
4 1867 1015 0
1 2445 2090 
3 156 1884 0
2 259 701 
4 2428 2686 0
4 2102 2671 0
4 1863 1354 0
2 2269 400 
3 188 2705 0
1 1687 973 
3 2337 2774 0
3 2628 483 0
4 1801 556 0
1 790 107 
2 73 374 
3 665 916 0
2 1355 1842 
4 441 1751 0
2 1973 2015 
3 2068 1942 0
3 1542 2182 0
2 1462 2300 
3 95 1342 0
1 461 821 
4 2795 1259 0
1 2251 437 
4 2741 1905 0
3 117 1659 0
3 2201 1002 0
4 878 2626 0
3 890 1270 0
2 2448 2448 -1
4 2964 691 0
3 2797 418 0
3 2852 1147 0
1 1427 2529 
2 960 1011 
3 584 21 0
4 1296 1903 0
3 1975 162 0
2 1495 849 
4 1056 2053 0
1 784 750 
4 1922 809 0
2 871 1929 
3 1724 1904 0
1 2075 2574 
1 1792 2030 
4 1151 765 0
4 2814 1359 0
2 2836 906 
3 1250 477 0
2 1868 2340 
3 830 1615 0
4 156 459 0
3 369 1329 0
4 2162 2416 0
1 391 534 
2 1938 2604 
2 2079 2764 
3 2259 1415 0
2 1906 815 
3 1293 788 0
1 1661 2898 
3 652 1199 0
4 377 780 0
4 292 183 0
3 1079 18 0
4 2828 523 0
2 354 1469 
2 558 1667 
1 1275 178 
3 1215 2939 0
3 2816 20 0
1 459 2772 
1 270 447 
4 1729 2333 0
2 1208 1807 
3 394 1634 0
1 98 1879 
1 2041 2558 
3 1123 1564 0
1 548 940 
4 1949 682 0
1 903 2460 
4 829 970 0
3 923 570 0
4 2728 544 0
1 60 1921 
1 1910 1621 
3 135 181 0
2 2668 793 
4 2604 1810 0
3 2245 1902 0
3 1959 786 0
2 1696 886 
3 247 2633 0
3 1831 2234 0
4 338 65 0
1 1833 1355 
3 1357 2404 0
4 1319 1632 0
4 931 1089 0
4 597 1241 0
2 1709 1766 
3 2368 969 0
2 2198 2465 
1 1762 325 
4 1187 2867 0
1 204 2648 
1 1555 974 
3 2107 2796 0
4 2906 915 0
4 1999 927 0
2 778 929 
1 1773 416 
3 2636 2601 0
2 853 2680 
3 809 1710 0
4 1503 135 0
4 2032 1741 0
3 928 432 0
4 1305 965 0
2 2151 46 
2 877 2154 
1 1466 1730 
3 1688 2293 0
4 2854 1936 0
4 1491 1092 0
1 2440 2066 
2 1923 2614 
3 1371 2797 0
4 661 2747 0
2 1635 2611 
3 1058 2702 0
3 376 1805 0
4 182 2227 0
4 2886 705 0
2 2159 1483 
1 1005 2444 
3 807 2632 0
3 1823 1694 0
4 587 1168 0
2 735 2611 
3 474 1528 0
4 1687 2098 0
2 2705 265 
2 1228 338 
1 473 1498 
3 1477 2807 0
3 1419 1703 0
3 1439 2398 0
2 1124 2792 
1 1752 580 
3 255 2078 0
3 464 830 0
2 438 1357 
1 307 1383 
1 455 1230 
4 119 1375 0
4 2767 2414 0
3 2413 2711 0
2 79 1973 
2 2207 1003 
4 2993 97 0
2 882 2363 
3 2822 91 0
1 1234 2799 
2 1034 597 
3 2448 2935 0
1 2842 1146 
3 869 1571 0
3 705 998 0
1 263 2297 
1 1501 2049 
2 439 2105 
4 60 592 0
2 738 1314 
2 737 2134 
2 970 1661 
1 1566 421 
3 492 1144 0
4 2215 2230 0
3 68 2019 0
4 1223 2448 0
4 2412 2555 0
3 2396 2741 0
3 202 759 0
1 1372 1947 
2 1474 986 
3 291 689 0
1 19 2424 
3 1832 2450 0
1 151 1362 
2 1014 1894 
4 463 1117 0
2 1992 2162 
3 2078 1613 0
1 172 1771 
3 2327 1233 0
1 508 2118 
2 1767 611 
1 235 999 
3 1950 2686 0
4 191 2855 0
2 164 2167 
4 263 9 0
4 969 872 0
3 2355 2045 0
3 344 242 0
3 2353 1559 0
3 1846 2213 0
4 84 1148 0
2 1585 991 
2 824 2859 
4 2239 1567 0
3 1165 1351 0
2 2673 2602 
3 253 822 0
2 596 1160 
2 1383 1504 
1 825 519 
2 1282 2591 
4 136 1683 0
4 2757 755 0
3 304 2339 0
3 573 2568 0
1 883 1993 
3 508 1244 0
3 1921 1777 0
3 2156 1036 0
3 1754 3000 0
2 821 532 
2 797 2445 
2 2910 400 
4 2561 2918 0
2 2919 2056 
1 410 1900 
1 1412 2636 
3 2728 1695 0
4 264 2352 0
2 1509 2893 
1 2971 2910 
4 2370 55 0
3 140 1966 0
1 2936 2936 
1 690 1832 
4 65 2912 0
4 171 2773 0
2 2387 755 
1 2951 2999 
3 1577 1013 0
1 978 878 
4 1214 2229 0
4 1005 2308 0
2 1631 1331 
4 841 2838 0
3 2454 2605 0
4 448 1434 0
1 1744 2107 
3 1310 132 0
1 440 1297 
2 2243 2120 
4 2898 2460 0
3 1550 1151 0
1 2342 420 
2 2672 2634 
3 2643 707 0
2 237 1175 
3 2821 1236 0
1 2199 1360 
1 1351 853 
4 2608 133 0
1 814 426 
1 2204 2073 
2 2466 2958 
3 1320 1461 0
4 2797 2956 0
2 788 263 
4 2091 1376 0
1 354 2429 
1 1465 2701 
2 868 1920 
3 2449 2841 0
4 1687 15 0
2 114 219 
1 2498 1654 
4 1333 1498 0
4 118 1245 0
2 701 2107 
3 2494 2721 0
2 1922 1361 
1 226 30 
2 2543 1878 
1 2834 1032 
1 1802 1984 
3 920 1598 0
3 51 1215 0
1 986 266 
4 2601 2918 0
1 2582 2969 
4 14 1404 0
1 578 1537 
4 1956 1435 0
2 2518 2360 
4 568 1893 0
3 2105 2143 0
2 2298 2716 
1 84 960 
3 561 1050 0
1 292 1444 
3 191 1534 0
2 1624 1531 
1 2142 2468 
2 2165 2513 
3 2692 2933 0
1 2459 1191 
4 1890 1570 0
4 1588 2657 0
4 690 2861 0
2 1995 150 
3 613 137 0
3 2261 2604 0
4 2753 1308 0
3 721 714 0
2 2063 2293 
1 2145 2140 
4 2425 1061 0
3 1784 1171 0
4 506 2927 0
1 1170 2172 
4 907 2574 0
2 2014 181 
2 593 38 
4 1387 1887 0
2 165 490 
1 1905 2860 
4 539 101 0
2 2679 1220 
1 308 2957 
3 1424 1091 0
4 1792 2786 0
2 757 1544 
1 170 2267 
3 1009 94 0
1 787 1568 
1 761 396 
3 1124 1372 0
2 2263 2465 
1 1679 797 
4 1742 2508 0
4 908 2887 0
1 728 2645 
2 706 980 
1 2243 1562 
2 2675 211 
2 2734 2 
4 749 2494 0
4 1183 1830 0
3 175 282 0
2 610 1849 
2 1582 900 
4 695 1865 0
1 766 2264 
2 2437 2600 
2 1524 1079 
2 2240 1728 
3 1860 2778 0
4 2180 252 0
1 295 2417 
3 1435 2628 0
3 947 1124 0
2 1966 256 
2 3 697 
1 306 1728 
3 1118 431 0
4 287 1534 0
1 1749 2352 
1 2841 2566 
1 189 1321 
4 2109 2758 0
3 2398 2729 0
1 1107 1138 
1 2230 961 
3 2820 268 0
4 805 1391 0
4 1517 1584 0
3 1831 1716 0
3 2508 1859 0
1 1189 986 
4 2642 2730 0
1 411 1804 
1 2276 1499 
4 793 1370 0
3 2414 2047 0
1 804 106 
4 19 1826 0
3 611 2681 0
4 2030 1171 0
4 1038 107 0
2 729 1467 
4 2447 2317 0
4 569 1675 0
1 2196 1751 
4 2961 2027 0
3 175 2187 0
3 1115 1369 0
2 1447 2090 
1 263 1856 
1 1388 2589 
2 2847 2692 
1 811 2589 
1 1403 1263 
3 1958 724 0
2 1480 399 
3 2355 435 0
1 1401 1001 
3 2774 74 0
3 1697 2593 0
1 2997 998 
4 2791 180 0
1 2957 2625 
3 371 387 0
1 490 2326 
4 1249 2131 0
1 1 2948 
2 1979 1177 
4 5 1830 0
4 350 1888 0
4 1221 1166 0
2 2363 1970 
2 143 2957 
3 17 76 0
3 1512 2804 0
3 2507 2712 0
2 337 2922 
4 614 979 0
4 315 74 0
4 2166 861 0
1 84 49 
1 2950 864 
1 212 1211 
4 1280 2697 0
4 1211 1560 0
3 2584 350 0
4 2933 712 0
4 40 2024 0
3 2321 1698 0
3 162 1610 0
1 2361 1771 
4 2542 278 0
4 2283 1606 0
3 2487 1786 0
3 2672 865 0
1 525 930 
1 794 2535 
4 454 227 0
3 2920 1606 0
1 2182 2622 
2 254 1815 
4 2720 949 0
2 1265 2209 
4 1144 2534 0
1 1467 1566 
4 1714 1285 0
3 2512 457 0
4 2398 2818 0
3 2138 1881 0
3 1942 1841 0
2 2129 1557 
2 1480 916 
3 288 2431 0
3 1050 2336 0
2 186 1968 
2 1680 2542 
4 2393 894 0
3 2926 1766 0
2 1916 2763 
4 469 106 0
4 1239 994 0
4 2654 1793 0
3 2418 375 0
2 412 2309 
3 2402 870 0
3 2347 2982 0
1 762 1599 
2 2058 2162 
4 511 165 0
2 251 1594 
3 345 999 0
3 1692 2564 0
4 1772 534 0
2 2634 1573 
4 133 1166 0
3 15 39 0
2 1631 769 
4 2104 2553 0
2 949 1391 
4 1333 49 0
2 1604 1659 
3 2924 554 0
3 1854 2093 0
3 692 830 0
3 22 2089 0
3 1637 1148 0
1 708 1967 
3 1487 2116 0
3 2775 1230 0
2 2652 2390 
3 2692 32 0
3 1721 1564 0
2 92 389 
1 2705 1213 
4 896 1503 0
1 1700 1748 
1 1451 2743 
1 634 789 
1 1686 2431 
1 204 726 
1 1848 2608 
3 2477 1854 0
1 2886 1619 
1 2229 626 
3 2686 2553 0
2 2455 1735 
4 1611 2275 0
2 2950 1727 
1 943 2522 
3 2706 1294 0
1 1129 601 
1 630 2628 
3 819 919 0
2 1062 221 
1 2363 2670 
4 106 284 0
3 791 2240 0
3 178 1463 0
3 391 1861 0
1 893 888 
2 957 2850 
4 2964 1842 0
1 982 1989 
2 170 172 
4 1760 493 0
1 2651 691 
1 2936 1409 
4 1127 870 0
2 1257 566 
3 1822 1415 0
4 1910 2473 0
4 1195 2346 0
4 2395 1718 0
1 2526 515 
1 2007 986 
3 192 1723 0
3 2878 1089 0
4 821 1093 0
4 2463 832 0
3 2991 1130 0
4 1022 2391 0
4 1150 1626 0
1 2315 323 
1 2745 261 
3 1901 299 0
3 1609 26 0
3 2897 1112 0
1 2773 1748 
4 381 947 0
3 699 1337 0
2 685 2050 
2 2546 2959 
1 447 300 
4 790 1130 0
1 2614 1691 
2 2362 2934 
1 2552 311 
2 361 2259 
2 2281 2605 
1 2377 403 
2 2276 1738 
4 1284 2063 0
3 1068 1107 0
3 519 1426 0
1 1592 167 
2 431 1686 
1 162 159 
1 688 1579 
4 628 2434 0
4 1545 1736 0
3 1335 1925 0
1 2153 2265 
3 352 80 0
3 60 2498 0
1 1193 364 
2 2062 670 
2 2081 348 
4 2724 421 0
2 1498 1868 
3 2657 2474 0
4 2041 2791 0
4 2481 497 0
3 2829 421 0
2 980 193 
4 2524 931 0
2 2214 886 
2 1269 2987 
2 886 646 
3 606 532 0
1 43 1764 
1 857 367 
4 2667 189 0
3 760 563 0
2 2094 1966 
4 894 1782 0
4 1220 276 0
4 2557 2005 0
3 1280 2035 0
4 425 1407 0
3 10 301 0
1 1045 32 
4 1230 694 0
2 1991 1494 
4 2791 1228 0
2 10 596 
2 1265 1421 
1 1387 2688 
2 2418 618 
2 1242 2773 
1 543 2713 
3 1791 2686 0
3 2156 2541 0
1 1217 2887 
1 16 2041 
2 2356 1301 
3 2512 888 0
1 2200 818 
3 2291 1618 0
1 1542 6 
3 626 1256 0
3 2743 180 0
4 1988 1646 0
4 1805 462 0
1 1880 835 
4 320 2809 0
4 1287 61 0
2 2563 2170 
2 949 1460 
1 1266 2265 
1 1011 1779 
2 1198 1003 
1 850 2376 
4 853 491 0
1 610 2033 
4 1986 2985 0
4 2465 2717 0
1 2312 2208 
3 1332 526 0
1 642 2384 
4 2780 1961 0
4 220 675 0
1 2827 768 
2 2107 2069 
1 2122 2967 
3 2314 2171 0
4 786 1951 0
3 2003 2256 0
3 125 693 0
2 349 1137 
1 329 1889 
4 790 1926 0
3 2156 1858 0
1 1250 1551 
1 1228 1798 
3 1813 468 0
2 653 685 
4 2877 644 0
3 1019 740 0
2 389 122 
3 2001 1930 0
1 2345 1593 
1 275 687 
3 1562 380 0
4 327 2096 0
3 141 2980 0
4 70 1809 0
4 2932 2707 0
2 1138 984 
4 1917 2287 0
1 1470 846 
2 635 2473 
2 2543 799 
4 1385 2571 0
2 1964 2851 
4 1281 2480 0
1 1466 2234 
1 1281 1949 
4 2850 842 0
4 2778 2616 0
3 1002 1361 0
3 626 2271 0
2 1042 1535 
3 473 2179 0
3 1619 2400 0
2 283 1509 
1 685 1785 
1 2816 2832 
3 1751 1893 0
1 1462 1552 
3 2588 2923 0
3 952 2175 0
3 2345 1731 0
4 1698 2059 0
2 932 210 
1 643 1565 
3 2859 34 0
2 2505 2943 
4 2645 2801 0
4 1080 47 0
1 1908 347 
1 900 2491 
4 276 2296 0
3 2965 2750 0
3 2438 1075 0
3 2115 686 0
3 1321 76 0
2 53 1193 
1 2834 666 
3 1864 2928 0
3 961 534 0
1 1500 1317 
2 85 2865 
3 2309 2652 0
3 1085 2525 0
1 1169 1966 
4 2602 36 0
1 1908 2079 
4 2724 876 0
1 1579 1156 
2 2324 832 
1 2608 944 
3 450 809 0
3 2074 1681 0
1 850 2900 
2 1830 136 
1 954 1425 
3 200 303 0
3 629 1199 0
2 866 2433 
3 1644 1110 0
1 1200 985 
1 211 1417 
1 2063 1610 
2 902 769 
3 2099 2509 0
2 1023 1578 
1 1515 1907 
2 2744 1640 
2 2787 1220 
1 2537 2364 
2 264 1105 
1 11 2535 
2 1239 317 
4 729 2830 0
2 2477 365 
3 1043 733 0
1 2782 733 
4 1442 1893 0
2 1129 2709 
4 383 554 0
1 1923 2735 
1 1400 1980 
2 2249 866 
2 1417 586 
3 89 2945 0
2 1512 1342 
4 244 2461 0
4 1860 297 0
2 1938 695 
4 2071 1533 0
2 2285 2858 
4 2195 1875 0
3 1784 1459 0
4 2313 1882 0
2 2276 2072 
3 2019 144 0
1 817 878 
2 866 2542 
1 1663 2781 
4 1590 2064 0
3 776 926 0
1 1272 2959 
1 446 2352 
2 648 275 
3 1210 1626 0
2 711 2938 
1 1706 32 
2 223 1135 
2 2958 2776 
3 1655 2956 0
2 1400 7 
2 110 312 
1 2811 676 
1 2413 2282 
1 76 643 
1 726 735 
2 1208 2108 
1 2058 1375 
3 125 2332 0
2 2731 1042 
3 2172 1547 0
1 697 2666 
3 1358 133 0
3 1792 1851 0
3 1921 1295 0
4 1979 2979 0
4 1597 2046 0
2 1579 2799 
1 2721 1403 
3 2791 1008 0
4 56 983 0
2 545 816 
1 1870 2375 
4 2117 549 0
4 2032 2500 0
1 1070 1318 
3 176 982 0
1 798 2147 
2 1202 1851 
3 859 2534 0
2 2452 180 
1 1706 1576 
3 826 1280 0
3 2782 1527 0
4 551 2686 0
3 1600 952 0
1 1062 812 
1 1521 884 
2 2879 2411 
3 650 269 0
3 2414 1108 0
3 2931 510 0
4 1968 115 0
4 860 2805 0
3 2296 2467 0
2 695 23 
2 1753 2188 
3 1734 1997 0
1 1668 1953 
2 224 1708 
4 2330 313 0
4 2260 2823 0
3 42 1416 0
2 1670 1309 
4 2876 1324 0
4 1033 727 0
4 107 484 0
2 11 2221 
3 2346 220 0
2 105 2552 
3 1908 2497 0
2 1295 1054 
3 508 1066 0
4 108 828 0
4 2310 1622 0
4 112 1843 0
2 2266 2902 
4 610 2603 0
2 1839 1411 
3 416 2509 0
2 820 994 
2 2697 1246 
2 245 1005 
1 882 810 
4 206 443 0
2 898 2511 
1 841 1334 
4 2757 2720 0
3 1640 894 0
3 1283 1252 0
4 1403 2439 0
2 918 2897 
4 2476 953 0
1 958 2524 
4 1126 1934 0
2 385 1768 
3 278 2057 0
2 1196 408 
1 1464 899 
2 2980 460 
1 2617 2255 
3 19 2891 0
2 1690 1959 
1 2899 1471 
4 2636 2705 1
4 2903 2132 0
2 218 2113 
2 930 2319 
3 2255 1291 0
2 2165 667 
3 2848 1110 0
1 2597 1873 
2 645 851 
1 540 2661 
3 1881 1975 0
3 631 2814 0
3 1315 1445 0
2 645 1269 
1 366 1483 
1 1755 1092 
3 2395 58 0
3 1459 835 0
4 421 530 0
3 1122 1055 0
4 2663 2376 0
1 846 2239 
3 367 964 0
4 2446 1618 0
4 1678 687 0
3 747 2023 0
1 700 2052 
1 1858 1389 
1 2118 130 
3 683 2200 0
3 2803 1413 0
3 2636 2859 0
2 2447 2764 
3 124 157 0
2 1421 2200 
3 2446 1118 0
2 841 663 
3 1272 291 0
1 1255 1605 
2 2858 2638 -1
3 192 1621 0
1 2490 2697 
4 2363 278 0
2 270 2651 
1 1103 709 
2 1661 1443 
3 2179 1158 0
3 2215 1369 0
2 1983 2847 
4 1708 965 0
3 1884 1912 0
1 2333 1109 
2 558 682 
2 231 2313 
3 2765 65 0
2 823 224 
2 1478 2123 
2 2183 2271 
4 1398 1809 0
1 2310 2944 
3 894 202 0
1 323 2938 
3 1309 1375 0
2 2449 324 
3 54 201 0
3 2921 2784 0
3 2132 742 0
3 919 823 0
2 1826 2128 
4 2248 2585 0
2 1324 2750 
3 2557 2958 0
3 1347 953 0
4 1101 2366 0
4 48 1347 0
4 750 1293 0
1 202 823 
1 545 1362 
2 1092 1379 
1 2454 1251 
4 2971 2408 0
2 2923 2070 
3 2084 2328 0
3 1814 2372 0
2 40 1046 
1 952 963 
1 1636 1317 
3 1955 2258 0
1 404 1158 
2 1852 1360 
2 1125 1099 
2 2920 2718 
2 1414 2209 
1 2200 1684 
2 1344 1348 
4 1785 1272 0
3 1045 1440 0
3 867 2082 0
3 774 90 0
1 2231 1336 
1 1872 623 
1 1494 192 
3 26 2044 0
2 484 1565 
3 2565 760 0
1 1219 1102 
3 202 1920 0
1 2005 1020 
3 484 1610 0
1 2115 1353 
2 1425 2573 
1 2527 652 
4 679 780 0
3 1014 2196 0
1 1699 2292 
2 2892 1405 
1 330 2215 
3 511 963 0
1 434 1036 
4 722 653 0
2 2538 2098 
4 43 647 0
3 27 2456 0
4 1797 1209 0
2 2716 2872 -1
2 864 2495 
2 2252 2992 
2 2175 2261 
1 163 168 
1 2779 1477 
1 263 2956 
2 1844 2842 
1 362 1102 
2 2618 1882 
3 331 283 0
3 996 2506 0
1 2117 774 
3 972 2397 0
3 2276 274 0
3 2730 1164 0
2 1669 429 
3 2271 388 0
3 1368 2939 0
2 744 738 
1 974 189 
4 18 339 0
2 1412 2173 
3 1018 488 0
3 751 2597 0
4 2220 949 0
3 1465 2619 0
3 1258 676 0
3 2582 2684 0
4 2536 955 0
3 1155 1593 0
4 536 2685 0
3 1714 2103 0
1 699 276 
3 1902 2128 0
3 1895 771 0
1 2119 2532 
3 514 1167 0
2 990 2458 
4 1869 2976 0
1 1128 1183 
1 824 2515 
1 1146 1645 
4 2200 380 0
4 83 2894 0
2 2188 367 
3 143 361 0
2 1956 2955 
3 2414 546 0
2 378 2498 
2 2119 123 
3 1422 2634 0
3 989 2614 0
2 1858 287 
2 819 1638 
2 773 1966 
2 2857 931 
4 671 1690 0
1 2881 2012 
1 585 52 
3 2145 1970 0
4 2332 1556 0
4 767 1620 0
3 831 1559 0
3 2357 1248 0
3 31 2797 0
3 1265 2096 0
2 880 576 
4 1615 251 0
4 2832 863 0
1 2622 372 
3 2283 2892 0
3 57 2432 0
2 1792 379 
4 45 2246 0
2 882 720 
2 185 1234 
2 1337 1420 
1 1281 1755 
2 1035 2724 
4 754 2007 0
1 368 2180 
2 1679 2658 
3 1223 1042 0
3 1164 760 0
3 387 2518 0
2 1973 282 
2 2307 2430 
1 835 2499 
3 2401 2001 0
2 507 2467 
3 2776 1944 0
1 2741 305 
2 1508 1256 
2 238 1024 
1 108 296 
4 1779 652 0
2 1861 2795 
4 2178 1925 0
2 1904 806 
3 2569 1761 0
3 2614 919 1
4 265 2190 0
4 2443 2065 0
3 2623 323 0
1 2571 2636 
1 1745 2569 
1 543 1870 
4 2055 2651 0
3 2921 2813 0
3 1802 2519 0
1 1757 763 
1 425 2260 
3 2878 1778 0
1 1868 2228 
1 1661 301 
1 1850 662 
1 153 1063 
3 2930 902 0
2 882 2182 
2 994 2010 
1 1164 1887 
1 462 633 
1 225 129 
2 1622 1152 
1 1372 148 
3 327 2866 0
4 919 601 0
1 1356 355 
4 437 1540 0
3 957 2964 0
1 324 2753 
1 600 426 
4 1931 984 0
1 135 188 
4 2003 758 0
2 2983 1974 
3 1975 829 0
3 583 899 1
1 1878 737 
3 107 2783 0
2 212 867 
3 1401 2378 0
3 456 1839 0
4 2539 1345 0
3 2726 880 0
3 2007 2618 0
4 1864 2371 0
2 841 2950 
1 2252 1303 
1 1833 1885 
1 1416 183 
2 163 2793 
3 1559 1971 0
3 2487 1237 0
3 493 2090 0
3 1362 2260 0
2 2887 1851 
1 1895 2288 
3 2704 2768 0
4 446 660 0
3 2034 1113 1
4 891 1282 0
1 1772 1575 
4 437 1586 1
2 1602 602 
1 555 1228 
3 1378 847 0
1 1555 2312 
2 283 1880 
2 437 1538 
4 1525 2621 0
1 538 391 
2 939 2718 
3 2193 123 0
2 819 2616 
3 54 1244 0
1 468 447 
3 2836 1985 0
3 2875 58 0
1 2169 1479 
1 6 2726 
4 712 1234 0
3 2117 2975 0
3 605 780 0
2 1189 2058 
3 2769 1656 0
1 1077 1436 
3 34 2773 0
4 1118 1029 0
3 2452 1994 0
3 2947 1635 0
1 2762 546 
3 420 1148 0
1 1493 1615 
4 1726 2648 0
1 484 484 
4 1836 1196 0
3 363 2816 0
4 2997 1680 0
3 2565 2436 0
1 107 2680 
1 497 2613 
2 920 1797 
4 293 1729 0
1 787 1435 
4 1925 1302 0
1 1143 524 
2 1174 940 
3 1143 512 0
1 2509 1678 
4 1846 1226 0
4 2824 1572 0
1 526 2261 
1 929 231 
4 2664 2994 0
2 1987 815 
3 2739 865 0
2 716 2397 
2 399 2943 
2 2758 1350 
3 2598 2622 0
3 1138 342 0
4 665 560 0
3 1102 51 0
3 517 2850 0
4 1841 1049 0
1 164 440 
1 2104 859 
3 2596 1711 0
4 2080 1701 0
4 2657 124 0
3 1820 45 0
4 261 437 1
4 1914 2936 0
1 13 2719 
1 1320 1048 
3 427 896 0
2 278 1462 
1 1306 270 -1
1 1670 3000 
3 1520 1862 0
3 1093 1773 0
3 1597 682 1
1 805 2507 
1 116 473 
1 1011 1329 
1 1082 171 
3 82 745 0
3 2881 2276 0
1 347 92 -1
1 242 1263 
4 2292 121 0
1 539 2296 
4 865 2509 0
3 926 2314 0
2 1102 1776 
2 1361 1441 
1 2874 401 -1
2 2659 158 
2 457 1629 
3 2373 964 0
2 637 1097 
1 1634 209 
1 1225 2933 
2 2947 1309 
3 646 1882 0
2 515 1479 
3 670 629 0
4 630 1393 0
3 1903 410 0
1 2986 2073 
3 267 2129 0
3 1262 382 0
3 2705 60 0
2 195 2131 
2 2489 637 
3 32 1204 0
4 2496 1392 0
4 1317 1349 0
3 2024 640 0
1 2701 230 
2 2442 2763 
4 929 163 0
3 1626 2221 1
2 704 749 
2 2667 2893 
2 226 570 
3 338 174 0
2 1294 1150 
1 126 76 
3 1924 578 0
2 1697 38 
2 1028 621 
1 1764 1822 
2 1617 2097 
2 2272 1270 
2 250 477 
3 803 315 0
4 2603 362 0
2 105 2493 
4 1548 561 0
3 2725 956 0
3 634 46 0
1 579 66 
2 1143 2761 
1 1732 844 
2 202 538 -1
4 2593 835 0
2 842 201 
3 1017 992 0
3 2506 25 0
4 2661 2622 0
3 2865 140 0
4 1052 1542 0
4 2084 2984 0
4 2058 2899 0
2 1654 2700 
4 482 252 0
2 2750 1143 
4 1212 1577 0
1 2629 466 
3 2717 2446 0
2 1830 1184 
2 1651 2504 
2 1268 2981 
4 703 2919 0
3 1992 221 0
3 1012 320 0
2 2194 2033 -1
3 2320 987 0
4 2973 2442 0
2 700 388 
4 2557 1879 0
4 1710 1299 0
2 546 1633 
3 1688 1317 0
2 410 409 
2 2416 603 
1 1833 713 
4 1012 2934 0
2 897 1844 
4 1578 1294 0
2 1927 2054 
2 1870 1477 
4 2442 199 0
2 1060 1435 
1 625 584 
1 2393 2158 
3 2598 401 0
2 954 2136 
2 2190 414 
2 2365 2524 
4 2294 1760 0
3 1121 2162 1
2 327 907 
1 2205 1987 
1 1661 1586 
2 541 261 
3 897 2552 1
2 2997 2671 
2 1586 1838 -1
2 904 2817 
2 2746 164 
4 1680 2275 0
3 59 2529 0
3 1471 2594 0
3 124 2381 0
4 711 2051 0
2 1399 1908 
3 665 2564 0
2 260 118 
2 324 466 
4 190 28 0
2 184 798 
3 490 220 0
2 116 381 -1
2 509 2058 
2 2882 2524 
1 1538 641 
1 381 539 
3 1757 1794 0
1 792 2635 
2 1399 940 
3 451 2327 0
4 339 2333 0
2 965 2020 
2 1259 1634 
4 2205 1214 0
4 913 2945 0
2 73 492 
4 336 1525 0
4 1390 2873 0
2 214 1835 
4 2591 588 0
3 1673 2852 0
1 1702 678 
4 149 920 0
1 988 398 
2 474 122 
3 1551 2677 0
3 2898 2392 0
4 2754 324 0
4 2853 838 0
4 296 2329 1
4 2189 1116 0
4 534 2341 0
4 2885 2871 0
4 2919 1897 0
4 28 1055 0
3 865 2497 0
2 1597 1975 -1
3 744 2956 1
1 708 366 -1
3 2959 541 1
3 1089 1128 0
4 791 1503 0
1 1180 1263 
3 2870 1940 0
4 2257 520 0
1 478 2215 
2 440 785 -1
3 594 2099 0
2 309 97 
3 2912 1352 0
3 370 955 0
3 2726 1120 0
3 1867 902 0
2 633 1765 
4 2377 877 0
1 2478 1573 
4 2399 250 0
3 315 705 0
2 179 1340 
4 1824 2257 0
3 2148 2207 0
3 2492 2110 0
1 325 1078 
4 1924 1773 0
1 2204 322 
2 1888 855 
4 1038 1138 0
2 1731 1182 
2 1424 1351 
1 1656 2253 
1 813 1305 
2 746 2361 
1 1711 485 
4 2040 807 0
3 282 2417 0
1 2890 410 
2 1577 1013 
4 255 1631 0
4 1421 2483 0
1 1193 1615 
3 2666 1108 0
3 1855 190 0
3 263 1520 0
2 2874 1285 
3 2987 2051 0
2 1277 957 
1 1143 2482 
1 2801 682 
1 1836 1311 
3 1751 1293 0
4 115 527 0
1 241 1956 
2 852 2793 
3 2392 446 0
2 1893 1940 
1 1478 76 
2 24 997 
3 2482 1497 0
3 1404 2796 0
1 2742 1731 
2 818 1413 
1 207 2608 
1 556 841 -1
4 727 1332 0
1 1704 2847 
1 1854 987 
3 2048 1161 0
2 601 2350 
1 247 821 
4 695 871 0
3 548 2915 0
3 2146 2760 0
3 2395 626 0
1 298 2751 
1 2465 1948 
2 1091 2221 -1
3 62 2800 0
3 1317 1582 1
3 2526 1271 0
4 48 1362 0
3 1426 2187 0
3 612 2122 0
4 357 777 0
2 265 364 -1
2 1560 1220 -1
1 1566 2307 
4 2176 224 0
2 853 1884 
4 146 2535 0
4 1133 2429 0
2 492 1481 
4 1482 322 1
2 50 1508 
4 1577 2276 0
4 901 2013 0
2 1946 2876 
3 795 2373 0
4 1263 985 0
2 286 1382 
2 2608 1528 
3 268 286 0
2 2259 2730 
1 2308 1927 
2 1246 655 
2 1377 1180 
3 290 23 0
2 2347 2363 
1 1802 1666 
4 1343 489 0
4 464 122 0
1 2847 1133 
2 1625 194 
2 2369 2538 
1 1382 2721 
4 566 602 0
1 1209 411 
2 635 447 
2 2656 132 
4 13 2659 0
4 2518 573 0
1 1973 1022 
1 544 1860 
2 514 1194 
3 2480 231 0
3 2997 2985 0
1 925 254 
3 2362 2580 0
2 676 12 
1 313 1540 
3 587 1824 0
3 2642 2890 0
3 2228 2051 0
1 2971 1340 -1
1 1819 1686 
3 1247 2549 0
1 1933 1720 
3 1611 2311 0
4 2060 2006 0
4 27 2022 0
4 2525 2795 0
1 932 2667 
2 6 1059 
2 1985 466 
2 63 2377 
2 596 729 
1 1579 708 
3 1113 1770 0
2 1079 2692 
3 2386 2421 0
2 2656 2224 -1
1 2362 2725 
2 672 1170 
2 2057 137 
2 2274 484 
1 139 2289 
4 2758 2261 0
3 2423 1656 0
3 1532 1772 0
3 107 130 1
2 850 2279 
1 1305 2059 
2 90 2311 
3 1079 2168 0
2 2926 1733 
1 1315 1381 
1 209 1293 
3 949 2703 0
2 1410 1764 
3 754 2561 0
3 1940 1057 0
3 1230 2029 0
2 417 471 
1 2238 1080 
4 1015 50 0
3 201 1093 0
2 1985 2898 -1
1 1399 2240 
3 716 2392 0
3 1104 493 0
4 1157 1308 0
3 2421 2773 0
3 1681 2207 0
4 708 2347 0
1 56 2430 
3 582 2877 1
1 2488 1954 
4 145 1285 0
2 117 2594 
2 2896 570 
4 1002 1904 0
3 350 586 0
3 526 2542 0
1 562 1719 
2 1872 765 
3 2905 776 1
1 407 1015 
3 2179 1349 0
2 332 2914 
3 1817 713 0
3 288 2586 0
1 2218 2970 
3 231 438 0
2 2964 676 
1 2398 371 
4 1483 98 0
4 1112 767 0
1 1893 225 
1 1674 2497 
1 2015 1417 
3 2059 2298 0
1 1133 1712 
3 2185 375 0
4 63 967 0
2 1086 334 
4 853 2459 1
4 1006 1880 0
2 1681 323 
1 1180 2539 
2 849 121 
4 730 2137 0
4 801 1969 0
4 780 882 0
2 2904 1654 
1 2132 2781 
4 2998 2909 0
2 897 467 
4 2484 530 0
3 2502 439 0
3 1143 279 0
3 2127 1150 0
1 2583 1156 
2 2154 1941 
3 848 342 0
1 1662 2441 
1 2817 2005 
1 759 1839 
4 862 2183 0
2 2524 277 
3 1511 279 0
2 2248 1470 
4 2088 685 0
2 59 2234 
2 1049 1023 
1 2952 2532 
2 1894 870 
4 49 2629 0
1 911 2434 
3 2075 2017 0
4 1991 479 0
4 67 174 0
3 391 1544 0
3 650 1361 0
2 1988 1091 
1 1828 177 
3 1659 1434 0
4 782 1704 1
4 1116 1134 0
1 1706 1462 
2 1854 1072 
3 1259 2535 0
2 85 2534 -1
3 570 2933 0
1 121 621 
4 904 1623 0
3 2055 890 0
1 646 2295 -1
4 2861 876 0
3 177 618 0
2 2388 2389 
2 365 1396 
1 586 139 
1 1972 16 
2 84 402 
4 1342 981 0
4 1809 2242 0
1 1797 47 
4 2953 1096 0
4 2944 2427 0
3 1912 2889 0
1 833 2522 
2 657 328 
3 679 718 0
2 2948 1439 
2 1849 84 
2 372 379 
3 430 1385 0
2 1060 2844 
1 1007 1503 
3 1187 904 0
4 2531 2714 0
2 984 2569 
1 595 2045 
4 2049 2949 0
4 891 107 1
3 2860 77 1
3 2559 1979 0
2 704 214 
2 467 1324 
2 1489 1290 
3 245 2721 0
1 1181 1427 
1 40 2516 
1 2265 2133 
2 671 2813 
4 2473 916 1
4 2182 1771 1
2 1122 177 
3 1299 1030 0
2 1653 1545 
3 232 484 0
1 2249 251 
1 1010 1419 
4 582 2346 0
1 2614 679 
3 2657 2765 1
4 269 447 0
4 1804 2835 0
3 1171 1256 0
3 1008 117 0
3 2045 2806 0
2 216 459 
2 2244 940 
4 1949 1254 1
4 946 1229 0
3 324 26 0
1 2307 678 
2 2348 2265 
1 2059 1590 
4 2494 1304 0
3 1201 1008 0
3 509 1903 1
1 1755 456 
2 2738 2528 
1 223 1860 -1
2 2066 194 
4 1418 317 1
2 2995 14 -1
2 1818 438 -1
3 997 1429 0
4 1492 1985 0
1 1683 2813 -1
3 1955 1406 0
1 2053 753 
3 373 1354 0
1 2897 2851 
2 1183 1620 
4 1987 1529 0
3 251 498 0
2 1483 1509 -1
2 407 150 
2 1172 2251 
4 2353 2911 0
3 1323 1420 0
1 2270 2610 
1 1318 915 
3 297 1054 0
4 1717 2916 0
3 2325 2016 0
2 72 2855 
3 831 1794 0
4 2137 2505 0
2 2554 1485 
2 1217 1536 
4 1811 341 0
4 607 1674 0
3 1486 928 0
1 2503 2403 
3 1927 2411 0
2 1233 2390 
4 1495 2021 0
3 636 953 0
3 2352 2078 0
3 1925 579 0
1 426 2072 -1
2 441 1754 
4 1513 1263 0
4 1130 150 0
2 2515 2404 
4 1246 2512 0
1 1745 484 
2 1751 2038 -1
3 176 2976 0
2 408 1427 -1
3 2973 2900 0
2 2866 2022 
3 576 1974 0
1 2256 1846 
4 2515 1424 0
2 139 1457 
1 2210 712 
4 1580 966 0
4 2410 2818 0
2 1029 1336 
4 2979 2104 0
3 1101 645 0
3 1464 171 0
4 2394 2073 1
2 174 322 -1
2 64 1588 
1 1353 2493 
2 2306 987 
1 1244 1252 
3 1392 2664 0
4 2898 30 1
2 1792 2402 
4 2941 2755 0
2 1310 2707 
4 2666 1620 0
1 2368 728 
4 1059 1825 0
1 732 1340 
1 821 1622 
1 1868 1665 
3 1577 2304 0
2 1035 1027 
1 1123 2216 
2 2959 1435 
3 1717 1406 0
3 179 1910 0
3 2173 1683 0
2 2503 1318 
4 2200 1208 1
2 618 2497 
4 951 1617 0
4 2637 119 0
4 2490 68 0
4 2680 2898 1
3 1463 2300 1
4 975 1339 0
2 834 2040 
3 278 2554 0
1 1878 876 -1
4 2562 2782 0
3 550 439 0
1 2894 663 
1 815 1474 -1
4 793 275 0
3 1536 2940 0
4 893 692 0
1 2557 2318 
1 772 453 
2 2251 341 
3 1385 2341 0
4 1806 2519 0
1 2154 115 -1
3 2048 1575 0
3 669 1902 0
3 2077 743 0
1 2857 2006 
4 2527 2912 0
3 2024 2980 0
2 2094 1555 
3 2687 1560 0
3 1899 36 0
3 1140 851 1
4 998 591 0
1 891 2206 
4 1387 1711 0
4 2224 443 0
1 2838 2825 
1 1591 1476 -1
1 1093 117 
3 1379 2516 0
2 2490 945 
4 1796 766 0
4 1623 156 0
1 891 259 
2 1182 649 
4 2026 2494 0
1 1406 264 
3 2332 1602 0
4 1477 2365 1
4 2683 2210 0
4 484 1284 0
2 820 1703 
1 2059 1718 
2 151 214 
1 1907 2623 
1 242 1961 
2 2673 1756 
2 2325 914 
2 895 30 -1
4 2199 2797 0
4 2846 1524 0
4 1116 1998 0
2 101 1797 
1 1167 1182 
1 2973 1917 
1 2250 2074 
1 2521 672 
4 30 375 0
2 901 1217 
1 1797 1036 
3 2454 1487 0
3 112 1830 0
3 785 1427 1
2 115 1691 -1
4 2146 2989 0
4 2483 899 0
2 970 1099 
4 1769 2173 1
1 124 495 
4 2199 254 1
1 647 417 -1
4 1260 1248 0
4 2987 2812 0
2 702 154 
3 65 1840 0
1 2826 1323 
4 2672 2703 0
4 1785 441 0
4 987 2488 0
1 1200 849 
4 1709 979 0
1 1230 516 
4 1081 735 1
1 2356 1107 
1 1620 2293 -1
3 2140 2520 0
3 115 1073 1
4 667 2144 0
1 67 26 
4 349 974 0
3 1792 778 1
1 2842 1112 
4 1752 913 0
1 2498 1260 
1 1509 2840 
2 362 2354 -1
2 1490 2018 
3 129 651 0
3 196 777 0
1 1299 2893 
2 2322 844 
1 1018 2648 
4 1186 454 0
1 548 2415 
4 1784 794 0
3 2174 1589 0
4 864 1299 1
1 1853 2903 
4 504 915 1
4 2809 333 0
4 2305 2411 0
4 2429 2808 0
1 1696 295 
2 2431 245 
1 2986 518 
1 2991 1569 
3 1243 1164 1
2 2063 997 
2 2293 1858 
4 144 1159 0
3 28 749 0
1 1205 2821 
2 2793 466 
3 2661 2747 1
2 2329 2219 
4 2374 494 0
2 1827 883 
3 961 1900 0
1 664 2750 -1
4 182 883 0
4 1843 1478 0
2 2840 1572 
1 1573 1006 
1 567 1409 
2 574 102 
1 311 2397 -1
2 2765 2771 
2 2755 493 
2 165 2336 
1 2686 259 
3 2234 1210 0
2 1052 134 
3 1534 2025 0
4 1858 1459 0
4 2084 1319 0
4 295 460 0
3 1905 2605 0
3 399 1104 0
2 2129 2802 
2 273 1782 
4 2428 1017 0
1 913 428 
3 1623 895 0
2 1980 1742 
4 2739 1445 0
3 34 1958 0
1 477 439 
1 441 1414 -1
4 2370 818 0
1 1701 2206 
2 2523 1602 
3 2242 1625 0
3 2613 2906 0
2 2800 2689 
2 2415 2679 -1
3 2585 2627 0
4 1462 1489 1
2 1812 2149 
2 2164 2914 
3 2409 1576 0
4 1850 989 0
2 510 2422 
1 885 970 
3 2840 2470 0
1 537 1693 
1 2544 1875 
4 1960 1065 0
3 1707 302 1
1 2097 2510 
1 1600 1827 
1 2674 376 
2 2106 491 
3 2241 2844 0
2 538 2486 
3 1518 1199 0
4 1124 2916 0
4 1880 1446 0
4 976 2410 0
4 2821 2987 0
2 2464 1249 
1 650 535 
3 2000 1545 0
3 1426 2496 0
3 2705 2479 0
4 458 2037 0
4 986 1898 1
3 610 1595 0
2 426 2540 -1
4 1750 2768 0
1 2668 1063 
2 584 2394 -1
2 462 2682 
1 308 1685 
4 2400 2670 0
4 1421 358 0
4 399 1209 1
4 451 2303 0
1 257 350 
1 2987 801 -1
3 398 2208 0
2 325 2610 -1
1 93 2713 
4 2896 2470 0
3 615 1734 0
1 2183 2666 
1 1550 2311 
3 1085 516 1
1 2688 1273 -1
4 1834 1736 0
3 2423 935 0
1 2776 200 
3 253 65 0
2 2561 1024 
1 2783 1360 
1 2996 2610 
3 452 1422 0
2 1857 1383 
2 1835 2510 
3 579 2943 0
1 741 1542 -1
3 937 1744 1
4 2128 299 0
1 663 1194 -1
4 581 1253 0
3 957 964 1
2 1662 1834 -1
3 2173 2553 0
2 1700 422 
4 885 768 1
3 1690 1972 0
3 130 1182 0
2 412 2496 
3 2750 1797 0
3 2233 1577 0
1 1689 2343 
3 1015 2416 1
1 2522 1001 
1 273 620 
3 517 2652 0
3 1135 2500 0
2 90 288 
3 745 1088 0
1 1522 594 
2 2597 799 
2 88 1321 
1 714 1491 
4 2765 1799 1
2 2784 270 
4 1332 2097 0
3 1354 306 0
1 2851 1704 
1 1517 1231 
4 2756 867 0
1 703 1496 
1 1339 1047 
3 2044 2704 0
1 2966 259 
4 760 2844 1
3 229 2812 0
1 2158 1699 -1
4 118 50 1
3 2668 828 1
4 2933 786 0
2 2235 1524 
2 831 1054 
1 1100 1449 
3 873 179 1
4 684 2042 0
1 2150 1397 
1 834 2760 
3 1342 1633 0
2 2146 678 -1
2 2487 615 
1 1359 130 
2 247 869 -1
4 704 2239 0
1 525 2741 -1
1 1329 1880 -1
2 431 433 
2 783 2326 
4 1876 25 0
2 2853 2596 
4 1141 173 0
1 2327 1017 
2 1524 1765 
2 164 2081 -1
2 2975 963 
4 2856 363 0
1 2759 1507 
1 731 2000 
2 1499 133 
1 467 1210 
1 2093 1839 -1
3 2233 2079 0
4 1061 835 0
1 1953 2534 
3 501 224 0
1 2704 2739 
1 432 733 
4 1122 271 0
1 862 402 -1
3 185 775 0
1 1668 1915 
3 534 73 0
2 587 2679 
3 2331 1490 0
3 1335 218 0
4 2770 1402 0
2 795 2533 
1 2079 936 
3 2190 2700 0
3 873 16 1
1 820 1334 -1
3 159 2112 0
4 894 2709 0
4 1517 1961 0
4 1714 2505 0
4 1328 1011 0
1 2803 457 
2 82 1910 
2 2893 2302 
3 2445 2051 0
1 2855 1137 
1 633 153 -1
3 119 2031 1
4 1207 112 0
4 1059 1421 1
1 1279 2247 
2 1280 1772 
2 3000 369 
1 759 1078 -1
4 1583 127 0
2 1269 538 
2 2384 142 
4 605 133 0
4 621 318 0
2 1402 2496 -1
3 1133 823 1
3 2448 2282 0
3 181 1594 0
4 955 336 0
4 922 1153 0
1 2938 2324 
2 677 2237 
4 712 2577 0
2 953 2063 
1 1041 976 -1
4 1234 2039 0
2 2669 2883 
3 502 389 0
4 262 1629 0
4 1274 1900 1
4 677 2118 1
1 2959 1757 
3 1331 2972 0
4 285 2052 0
3 567 1764 0
4 514 685 1
4 807 2636 0
1 1295 2609 
2 1190 739 
3 1909 2989 0
2 531 513 
4 729 2682 1
3 9 2310 0
4 204 692 1
4 2813 2577 0
3 1051 229 0
2 773 726 -1
2 821 714 
4 2238 981 0
1 2256 1304 
2 1042 2526 
2 2368 1504 -1
1 2978 1023 
2 371 2408 
4 2950 746 0
3 670 742 0
2 285 697 
4 2170 2489 0
1 1384 89 
1 1691 1915 -1
4 2231 1203 0
1 1372 2192 
2 1078 2450 -1
1 97 2216 
3 2589 2614 1
2 2885 1492 
1 75 2278 
2 982 2306 
2 2882 374 
2 1818 2439 
1 1818 2900 -1
1 1156 2754 
1 1259 600 
3 397 2443 0
4 953 820 0
1 2195 316 
1 885 401 -1
4 2983 1057 0
2 1171 1481 
1 592 1032 
2 324 1165 
3 1149 1840 0
2 2183 1068 
1 1137 2507 
4 1266 1058 0
3 289 423 0
2 302 271 
2 54 1546 -1
3 293 2403 0
3 577 1561 0
3 2682 2740 0
4 2900 2307 1
1 1734 1727 
1 2038 2395 
2 2467 402 -1
2 1119 451 
3 1163 1893 1
2 663 945 
2 343 1841 
4 117 561 0
1 2565 127 
2 2990 1598 -1
2 1443 1754 -1
1 2074 715 
4 1793 946 0
1 2247 1534 
1 598 325 
2 34 929 
1 785 2757 
3 1304 1024 1
2 1495 1393 
3 1161 2954 0
2 1627 1204 
4 1725 956 0
2 1500 825 
4 1677 709 0
1 178 2822 
1 1412 873 
3 331 975 0
4 1474 2431 1
2 2269 2731 
1 2855 1347 
1 2646 2653 
2 1712 1419 
1 2500 2851 
2 596 761 -1
2 1835 187 
1 480 2229 
4 2651 2755 0
4 2158 737 0
1 1930 1344 
1 2651 1847 
3 503 2988 0
4 2224 1706 0
3 500 2957 0
2 1195 1794 
3 1275 572 0
3 2118 1710 0
4 1807 396 0
3 713 77 0
2 400 1305 -1
1 961 2337 
2 1561 31 -1
4 549 1202 0
3 887 2023 0
2 2869 2130 
2 1983 2426 
4 1738 774 0
3 323 2122 0
3 1570 1924 0
3 2347 579 0
2 624 1435 
3 1873 2387 0
1 1114 2933 
2 1655 892 -1
1 23 1658 
4 2790 2316 0
3 2674 2706 0
2 1201 2314 
1 1441 2995 
3 493 892 0
3 1715 203 0
2 2284 873 
1 948 1260 
4 2392 1133 0
1 2005 2924 
1 1389 1269 
3 1549 2186 1
3 1846 1229 1
3 940 2003 0
1 1027 2173 
2 365 1014 -1
4 1413 2655 1
3 332 1697 0
1 2733 2218 
1 1492 1204 
2 1145 2191 -1
2 805 439 
1 410 984 -1
4 642 1017 0
1 2995 117 
1 846 2510 -1
4 1262 2176 0
2 2079 2455 
1 845 1448 
3 792 2454 0
3 2718 2735 0
1 840 2953 
3 2485 452 0
1 572 2741 
2 1515 2342 -1
2 925 1000 
2 413 1891 
1 1460 2733 -1
3 907 197 1
4 176 696 0
4 2462 2964 0
2 353 2714 
4 2447 1310 0
4 1476 2631 0
2 1449 2992 
4 2039 2998 0
2 1343 2461 
4 1945 2261 0
4 995 18 0
4 1583 614 0
1 277 1156 
1 107 1569 
3 152 1420 0
1 514 2345 
1 1261 2325 -1
3 2475 1835 0
4 928 723 0
4 1028 1509 1
2 1343 207 
2 1861 966 
2 233 2555 
3 1165 133 1
1 1114 38 
4 2959 1355 1
4 1163 2989 1
2 279 774 
2 2805 973 
1 1160 1964 
2 407 2908 
2 1117 1191 
1 566 1699 
1 264 1796 
4 238 1353 1
1 2937 509 
4 728 1253 0
3 2400 2098 0
1 2254 316 
4 487 877 0
2 1949 2787 -1
4 1534 683 1
4 1808 1452 0
3 1216 2179 0
4 1577 2615 0
2 2616 2409 -1
4 428 1962 1
4 503 2186 1
1 650 1779 
1 151 1807 
4 1116 870 0
4 1973 595 0
3 271 111 0
4 907 2475 1
4 193 263 0
3 1773 1645 0
1 2236 1962 -1
3 2097 99 0
4 2146 427 0
3 2254 2639 0
2 710 2004 
4 1573 1477 0
3 728 2746 1
3 2738 2550 0
4 2655 2862 0
2 1049 213 
1 1134 145 
2 2871 1697 -1
1 2241 1034 -1
1 2058 2233 
2 1429 1747 
2 2321 963 
3 1481 2303 0
4 2143 914 0
2 214 963 
2 267 267 -1
4 101 118 0
2 2486 1679 -1
1 920 2068 
2 2181 2160 
4 198 2415 0
3 1979 998 0
3 1047 1358 0
4 2772 12 0
1 422 2581 
1 2323 1377 
4 1229 1830 0
4 2718 1586 0
3 1812 233 0
3 502 682 1
3 3 1136 0
2 1407 2192 
1 1349 2547 
1 1823 418 
3 2767 1142 0
2 296 521 
1 2313 2881 -1
1 1014 940 
4 316 1479 1
2 1503 1942 
1 238 2046 
2 2327 264 
3 841 518 1
3 2947 2602 0
4 770 786 0
2 899 2289 -1
4 1885 2303 0
2 2797 2630 
4 1508 710 0
4 135 1482 1
4 2121 2749 0
4 1960 59 0
3 2170 1463 0
3 1627 1522 0
3 1075 1113 0
2 601 33 
3 737 1474 0
1 1955 807 
1 1275 2208 -1
3 59 1690 0
2 2052 157 
1 2788 732 
4 1485 637 0
4 2813 2879 0
2 819 1089 
2 2629 2001 
2 1366 1703 
2 2186 345 
1 2940 2585 
3 2832 600 0
2 570 1122 
0 0 0 
